SimpleMeshFormat 1
3
Box02
8
0.85 1.95 0.015
0.85 0 0.015
0.85 1.95 0
0.85 0 0
0 1.95 0
0 0 0
0 1.95 0.015
0 0 0.015
12
1 0 1 2 1 0 0 1 0 0 1 0 0 0 0 0 1 1 0
1 1 3 2 1 0 0 1 0 0 1 0 0 0 1 1 1 1 0
2 2 3 4 0 0 -1 0 0 -1 0 0 -1 0 0 0 1 1 0
2 3 5 4 0 0 -1 0 0 -1 0 0 -1 0 1 1 1 1 0
1 4 5 6 -1 0 0 -1 0 0 -1 0 0 0 0 0 1 1 0
1 5 7 6 -1 0 0 -1 0 0 -1 0 0 0 1 1 1 1 0
2 6 7 0 0 0 1 0 0 1 0 0 1 0 0 0 1 1 0
2 7 1 0 0 0 1 0 0 1 0 0 1 0 1 1 1 1 0
3 6 0 4 0 1 0 0 1 0 0 1 0 0 0 0 1 1 0
3 0 2 4 0 1 0 0 1 0 0 1 0 0 1 1 1 1 0
3 1 7 3 0 -1 0 0 -1 0 0 -1 0 0 0 0 1 1 0
3 7 5 3 0 -1 0 0 -1 0 0 -1 0 0 1 1 1 1 0
Duplicate06
8
0.84 1.94 0.04
0.84 0.01 0.04
0.84 1.94 0.015
0.84 0.01 0.015
0.01 1.94 0.015
0.01 0.01 0.015
0.01 1.94 0.04
0.01 0.01 0.04
10
1 0 1 2 1 0 0 1 0 0 1 0 0 0 0 0 1 1 0
1 1 3 2 1 0 0 1 0 0 1 0 0 0 1 1 1 1 0
1 4 5 6 -1 0 0 -1 0 0 -1 0 0 0 0 0 1 1 0
1 5 7 6 -1 0 0 -1 0 0 -1 0 0 0 1 1 1 1 0
2 6 7 0 0 0 1 0 0 1 0 0 1 0 0 0 1 1 0
2 7 1 0 0 0 1 0 0 1 0 0 1 0 1 1 1 1 0
3 6 0 4 0 1 0 0 1 0 0 1 0 0 0 0 1 1 0
3 0 2 4 0 1 0 0 1 0 0 1 0 0 1 1 1 1 0
3 1 7 3 0 -1 0 0 -1 0 0 -1 0 0 0 0 1 1 0
3 7 5 3 0 -1 0 0 -1 0 0 -1 0 0 1 1 1 1 0
Box03
8
0.67916 1.0357 0.0853562
0.67916 1.00416 0.0853562
0.805577 1.0357 0.0853562
0.805577 1.00416 0.0853562
0.805577 1.0357 -0.0457976
0.805577 1.00416 -0.0457976
0.67916 1.0357 -0.0457976
0.67916 1.00416 -0.0457976
12
1 0 1 2 0 0 1 0 0 1 0 0 1 0 0 0 1 1 0
1 1 3 2 0 0 1 0 0 1 0 0 1 0 1 1 1 1 0
2 2 3 4 1 0 0 1 0 0 1 0 0 0 0 0 1 1 0
2 3 5 4 1 0 0 1 0 0 1 0 0 0 1 1 1 1 0
1 4 5 6 0 0 -1 0 0 -1 0 0 -1 0 0 0 1 1 0
1 5 7 6 0 0 -1 0 0 -1 0 0 -1 0 1 1 1 1 0
2 6 7 0 -1 0 0 -1 0 0 -1 0 0 0 0 0 1 1 0
2 7 1 0 -1 0 0 -1 0 0 -1 0 0 0 1 1 1 1 0
3 6 0 4 0 1 0 0 1 0 0 1 0 0 0 0 1 1 0
3 0 2 4 0 1 0 0 1 0 0 1 0 0 1 1 1 1 0
3 1 7 3 0 -1 0 0 -1 0 0 -1 0 0 0 0 1 1 0
3 7 5 3 0 -1 0 0 -1 0 0 -1 0 0 1 1 1 1 0
