SimpleMeshFormat 1
2
Cylinder05
192
18 0 1.11759e-008
17.3867 0 4.65875
17.3867 0 -4.65875
18 48 1.11759e-008
17.3867 48 -4.65874
17.3867 48 4.65874
15.5884 0 9
15.5885 48 9
15.5884 0 -9
15.5885 48 -9
12.7279 0 12.7279
12.7279 48 12.7279
12.7279 0 -12.7279
12.7279 48 -12.7279
9 0 15.5884
9 48 15.5885
9 0 -15.5884
9 48 -15.5885
4.65875 0 17.3867
4.65874 48 17.3867
4.65875 0 -17.3867
4.65874 48 -17.3867
0 0 18
1.10215e-015 48 18
0 0 -18
-3.30644e-015 48 -18
-4.65875 0 17.3867
-4.65874 48 17.3867
-4.65875 0 -17.3867
-4.65874 48 -17.3867
-9 0 15.5884
-9 48 15.5885
-9 0 -15.5884
-9 48 -15.5885
-12.7279 0 12.7279
-12.7279 48 12.7279
-12.7279 0 -12.7279
-12.7279 48 -12.7279
-15.5884 0 9
-15.5885 48 9
-15.5884 0 -9
-15.5885 48 -9
-17.3867 0 4.65875
-17.3867 48 4.65874
-17.3867 0 -4.65875
-17.3867 48 -4.65874
-18 0 1.11759e-008
-18 48 1.11759e-008
18 35.25 1.11759e-008
17.3867 35.25 4.65874
15.5885 35.25 9
12.7279 35.25 12.7279
9 35.25 15.5885
4.65874 35.25 17.3867
1.10215e-015 35.25 18
-4.65874 35.25 17.3867
-9 35.25 15.5885
-12.7279 35.25 12.7279
-15.5885 35.25 9
-17.3867 35.25 4.65874
-18 35.25 1.11759e-008
-17.3867 35.25 -4.65874
-15.5885 35.25 -9
-12.7279 35.25 -12.7279
-9 35.25 -15.5885
-4.65874 35.25 -17.3867
-3.30644e-015 35.25 -18
4.65874 35.25 -17.3867
9 35.25 -15.5885
12.7279 35.25 -12.7279
15.5885 35.25 -9
17.3867 35.25 -4.65874
18.5454 34.5 1.15003e-008
17.9135 34.5 4.79992
17.9135 34.5 -4.79992
16.0608 34.5 9.27271
16.0608 34.5 -9.27271
13.1136 34.5 13.1136
13.1136 34.5 -13.1136
9.27271 34.5 16.0608
9.27271 34.5 -16.0608
4.79992 34.5 17.9135
4.79992 34.5 -17.9135
2.39015e-009 34.5 18.5454
2.39015e-009 34.5 -18.5454
-4.79992 34.5 17.9135
-4.79992 34.5 -17.9135
-9.27271 34.5 16.0608
-9.27271 34.5 -16.0608
-13.1136 34.5 13.1136
-13.1136 34.5 -13.1136
-16.0608 34.5 9.27271
-16.0608 34.5 -9.27271
-17.9135 34.5 4.79992
-17.9135 34.5 -4.79992
-18.5454 34.5 1.15003e-008
18 33.75 1.11759e-008
17.3867 33.75 4.65875
17.3867 33.75 -4.65875
15.5884 33.75 9
15.5884 33.75 -9
12.7279 33.75 12.7279
12.7279 33.75 -12.7279
9 33.75 15.5884
9 33.75 -15.5884
4.65875 33.75 17.3867
4.65875 33.75 -17.3867
0 33.75 18
0 33.75 -18
-4.65875 33.75 17.3867
-4.65875 33.75 -17.3867
-9 33.75 15.5884
-9 33.75 -15.5884
-12.7279 33.75 12.7279
-12.7279 33.75 -12.7279
-15.5884 33.75 9
-15.5884 33.75 -9
-17.3867 33.75 4.65875
-17.3867 33.75 -4.65875
-18 33.75 1.11759e-008
18 14.25 1.11759e-008
17.3867 14.25 4.65875
17.3867 14.25 -4.65875
15.5884 14.25 9
15.5884 14.25 -9
12.7279 14.25 12.7279
12.7279 14.25 -12.7279
9 14.25 15.5884
9 14.25 -15.5884
4.65875 14.25 17.3867
4.65875 14.25 -17.3867
0 14.25 18
0 14.25 -18
-4.65875 14.25 17.3867
-4.65875 14.25 -17.3867
-9 14.25 15.5884
-9 14.25 -15.5884
-12.7279 14.25 12.7279
-12.7279 14.25 -12.7279
-15.5884 14.25 9
-15.5884 14.25 -9
-17.3867 14.25 4.65875
-17.3867 14.25 -4.65875
-18 14.25 1.11759e-008
18.5454 13.5 1.15003e-008
17.9135 13.5 4.79992
17.9135 13.5 -4.79992
16.0608 13.5 9.27271
16.0608 13.5 -9.27271
13.1136 13.5 13.1136
13.1136 13.5 -13.1136
9.27271 13.5 16.0608
9.27271 13.5 -16.0608
4.79992 13.5 17.9135
4.79992 13.5 -17.9135
2.39015e-009 13.5 18.5454
2.39015e-009 13.5 -18.5454
-4.79992 13.5 17.9135
-4.79992 13.5 -17.9135
-9.27271 13.5 16.0608
-9.27271 13.5 -16.0608
-13.1136 13.5 13.1136
-13.1136 13.5 -13.1136
-16.0608 13.5 9.27271
-16.0608 13.5 -9.27271
-17.9135 13.5 4.79992
-17.9135 13.5 -4.79992
-18.5454 13.5 1.15003e-008
18 12.75 1.11759e-008
17.3867 12.75 4.65875
17.3867 12.75 -4.65875
15.5884 12.75 9
15.5884 12.75 -9
12.7279 12.75 12.7279
12.7279 12.75 -12.7279
9 12.75 15.5884
9 12.75 -15.5884
4.65875 12.75 17.3867
4.65875 12.75 -17.3867
0 12.75 18
0 12.75 -18
-4.65875 12.75 17.3867
-4.65875 12.75 -17.3867
-9 12.75 15.5884
-9 12.75 -15.5884
-12.7279 12.75 12.7279
-12.7279 12.75 -12.7279
-15.5884 12.75 9
-15.5884 12.75 -9
-17.3867 12.75 4.65875
-17.3867 12.75 -4.65875
-18 12.75 1.11759e-008
380
2 0 1 2 0.947043 -0.318405 0.0415585 0.791613 -0.557631 0.249793 0.687741 -0.7098 -0.152308 1.00272 0.753492 0.994188 0.688172 0.994188 0.818813
2 3 4 5 0 1 0 0 1 0 0 1 0 0.749997 -0.00185466 0.685066 0.00669366 0.814927 0.00669366
2 1 6 2 0.791613 -0.557631 0.249793 0.594005 -0.709799 0.378607 0.687741 -0.7098 -0.152308 0.994188 0.688172 0.970115 0.626347 0.994188 0.818813
2 5 4 7 0 1 0 0 1 0 0 1 0 0.814927 0.00669366 0.685066 0.00669366 0.875433 0.0317559
2 2 6 8 0.687741 -0.7098 -0.152308 0.594005 -0.709799 0.378607 0.624885 -0.709799 -0.325121 0.994188 0.818813 0.970115 0.626347 0.96897 0.879711
2 4 9 7 0 1 0 0 1 0 0 1 0 0.685066 0.00669366 0.624561 0.0317559 0.875433 0.0317559
2 6 10 8 0.594005 -0.709799 0.378607 0.475771 -0.7098 0.519448 0.624885 -0.709799 -0.325121 0.970115 0.626347 0.930312 0.573122 0.96897 0.879711
2 7 9 11 0 1 0 0 1 0 0 1 0 0.875433 0.0317559 0.624561 0.0317559 0.92739 0.0716242
2 8 10 12 0.624885 -0.709799 -0.325121 0.475771 -0.7098 0.519448 0.519448 -0.7098 -0.475771 0.96897 0.879711 0.930312 0.573122 0.929203 0.929983
2 9 13 11 0 1 0 0 1 0 0 1 0 0.624561 0.0317559 0.572603 0.0716242 0.92739 0.0716242
2 10 14 12 0.475771 -0.7098 0.519448 0.325121 -0.709799 0.624885 0.519448 -0.7098 -0.475771 0.930312 0.573122 0.879388 0.531103 0.929203 0.929983
2 11 13 15 0 1 0 0 1 0 0 1 0 0.92739 0.0716242 0.572603 0.0716242 0.967258 0.123581
2 12 14 16 0.519448 -0.7098 -0.475771 0.325121 -0.709799 0.624885 0.378607 -0.709799 -0.594005 0.929203 0.929983 0.879388 0.531103 0.877378 0.968559
2 13 17 15 0 1 0 0 1 0 0 1 0 0.572603 0.0716242 0.532735 0.123581 0.967258 0.123581
2 14 18 16 0.325121 -0.709799 0.624885 0.152308 -0.7098 0.687741 0.378607 -0.709799 -0.594005 0.879388 0.531103 0.818982 0.507801 0.877378 0.968559
2 15 17 19 0 1 0 0 1 0 0 1 0 0.967258 0.123581 0.532735 0.123581 0.99232 0.184087
2 16 18 20 0.378607 -0.709799 -0.594005 0.152308 -0.7098 0.687741 0.211971 -0.7098 -0.671753 0.877378 0.968559 0.818982 0.507801 0.817026 0.992809
2 17 21 19 0 1 0 0 1 0 0 1 0 0.532735 0.123581 0.507673 0.184087 0.99232 0.184087
2 18 22 20 0.152308 -0.7098 0.687741 -0.0308812 -0.709799 0.703727 0.211971 -0.7098 -0.671753 0.818982 0.507801 0.752261 0.501113 0.817026 0.992809
2 19 21 23 0 1 0 0 1 0 0 1 0 0.99232 0.184087 0.507673 0.184087 1.00087 0.249017
2 20 22 24 0.211971 -0.7098 -0.671753 -0.0308812 -0.709799 0.703727 0.0308812 -0.709799 -0.703727 0.817026 0.992809 0.752261 0.501113 0.75226 1.00108
2 21 25 23 0 1 0 0 1 0 0 1 0 0.507673 0.184087 0.499125 0.249017 1.00087 0.249017
2 22 26 24 -0.0308812 -0.709799 0.703727 -0.211971 -0.7098 0.671753 0.0308812 -0.709799 -0.703727 0.752261 0.501113 0.687437 0.509713 0.75226 1.00108
2 23 25 27 0 1 0 0 1 0 0 1 0 1.00087 0.249017 0.499125 0.249017 0.99232 0.313948
2 24 26 28 0.0308812 -0.709799 -0.703727 -0.211971 -0.7098 0.671753 -0.152308 -0.7098 -0.687741 0.75226 1.00108 0.687437 0.509713 0.687495 0.992809
2 25 29 27 0 1 0 0 1 0 0 1 0 0.499125 0.249017 0.507673 0.313948 0.99232 0.313948
2 26 30 28 -0.211971 -0.7098 0.671753 -0.378607 -0.709799 0.594005 -0.152308 -0.7098 -0.687741 0.687437 0.509713 0.62703 0.534926 0.687495 0.992809
2 27 29 31 0 1 0 0 1 0 0 1 0 0.99232 0.313948 0.507673 0.313948 0.967258 0.374453
2 28 30 32 -0.152308 -0.7098 -0.687741 -0.378607 -0.709799 0.594005 -0.325121 -0.709799 -0.624885 0.687495 0.992809 0.62703 0.534926 0.627143 0.968559
2 29 33 31 0 1 0 0 1 0 0 1 0 0.507673 0.313948 0.532735 0.374453 0.967258 0.374453
2 30 34 32 -0.378607 -0.709799 0.594005 -0.519448 -0.7098 0.475771 -0.325121 -0.709799 -0.624885 0.62703 0.534926 0.575158 0.575033 0.627143 0.968559
2 31 33 35 0 1 0 0 1 0 0 1 0 0.967258 0.374453 0.532735 0.374453 0.92739 0.426411
2 32 34 36 -0.325121 -0.709799 -0.624885 -0.519448 -0.7098 0.475771 -0.475771 -0.7098 -0.519448 0.627143 0.968559 0.575158 0.575033 0.575317 0.929983
2 33 37 35 0 1 0 0 1 0 0 1 0 0.532735 0.374453 0.572603 0.426411 0.92739 0.426411
2 34 38 36 -0.519448 -0.7098 0.475771 -0.624885 -0.709799 0.325121 -0.475771 -0.7098 -0.519448 0.575158 0.575033 0.535355 0.627303 0.575317 0.929983
2 35 37 39 0 1 0 0 1 0 0 1 0 0.92739 0.426411 0.572603 0.426411 0.875433 0.466279
2 36 38 40 -0.475771 -0.7098 -0.519448 -0.624885 -0.709799 0.325121 -0.594005 -0.709799 -0.378607 0.575317 0.929983 0.535355 0.627303 0.53555 0.879711
2 37 41 39 0 1 0 0 1 0 0 1 0 0.572603 0.426411 0.624561 0.466279 0.875433 0.466279
2 38 42 40 -0.624885 -0.709799 0.325121 -0.687741 -0.7098 0.152308 -0.594005 -0.709799 -0.378607 0.535355 0.627303 0.510334 0.688172 0.53555 0.879711
2 39 41 43 0 1 0 0 1 0 0 1 0 0.875433 0.466279 0.624561 0.466279 0.814927 0.491341
2 40 42 44 -0.594005 -0.709799 -0.378607 -0.687741 -0.7098 0.152308 -0.791613 -0.557631 -0.249793 0.53555 0.879711 0.510334 0.688172 0.510334 0.818813
2 41 45 43 0 1 0 0 1 0 0 1 0 0.624561 0.466279 0.685066 0.491341 0.814927 0.491341
2 42 46 44 -0.687741 -0.7098 0.152308 -0.947043 -0.318405 -0.0415585 -0.791613 -0.557631 -0.249793 0.510334 0.688172 0.5018 0.753492 0.510334 0.818813
2 43 45 47 0 1 0 0 1 0 0 1 0 0.814927 0.491341 0.685066 0.491341 0.749997 0.499889
1 48 3 49 1 0 0 1 0 0 0.965926 0 0.258819 0.122446 0.75008 0.00163361 0.75008 0.122446 0.708413
1 3 5 49 1 0 0 0.965926 0 0.258819 0.965926 0 0.258819 0.00163361 0.75008 0.00163361 0.708413 0.122446 0.708413
1 49 5 7 0.965926 0 0.258819 0.965926 0 0.258819 0.866025 0 0.5 0.122446 0.708413 0.00163361 0.708413 0.00163361 0.666746
1 49 7 50 0.965926 0 0.258819 0.866025 0 0.5 0.866025 0 0.5 0.122446 0.708413 0.00163361 0.666746 0.122446 0.666746
1 50 7 51 0.866025 0 0.5 0.866025 0 0.5 0.707107 0 0.707107 0.122446 0.666746 0.00163361 0.666746 0.122446 0.62508
1 7 11 51 0.866025 0 0.5 0.707107 0 0.707107 0.707107 0 0.707107 0.00163361 0.666746 0.00163361 0.62508 0.122446 0.62508
1 51 11 15 0.707107 0 0.707107 0.707107 0 0.707107 0.5 0 0.866025 0.122446 0.62508 0.00163361 0.62508 0.00163361 0.583413
1 51 15 52 0.707107 0 0.707107 0.5 0 0.866025 0.5 0 0.866025 0.122446 0.62508 0.00163361 0.583413 0.122446 0.583413
1 52 15 53 0.5 0 0.866025 0.5 0 0.866025 0.258819 0 0.965926 0.122446 0.583413 0.00163361 0.583413 0.122446 0.541747
1 15 19 53 0.5 0 0.866025 0.258819 0 0.965926 0.258819 0 0.965926 0.00163361 0.583413 0.00163361 0.541747 0.122446 0.541747
1 53 19 23 0.258819 0 0.965926 0.258819 0 0.965926 0 0 1 0.122446 0.541747 0.00163361 0.541747 0.00163361 0.50008
1 53 23 54 0.258819 0 0.965926 0 0 1 0 0 1 0.122446 0.541747 0.00163361 0.50008 0.122446 0.50008
1 54 23 55 0 0 1 0 0 1 -0.258819 0 0.965926 0.122446 0.50008 0.00163361 0.50008 0.122446 0.458413
1 23 27 55 0 0 1 -0.258819 0 0.965926 -0.258819 0 0.965926 0.00163361 0.50008 0.00163361 0.458413 0.122446 0.458413
1 55 27 31 -0.258819 0 0.965926 -0.258819 0 0.965926 -0.5 0 0.866025 0.122446 0.458413 0.00163361 0.458413 0.00163361 0.416746
1 55 31 56 -0.258819 0 0.965926 -0.5 0 0.866025 -0.5 0 0.866025 0.122446 0.458413 0.00163361 0.416746 0.122446 0.416746
1 56 31 57 -0.5 0 0.866025 -0.5 0 0.866025 -0.707107 0 0.707107 0.122446 0.416746 0.00163361 0.416746 0.122446 0.37508
1 31 35 57 -0.5 0 0.866025 -0.707107 0 0.707107 -0.707107 0 0.707107 0.00163361 0.416746 0.00163361 0.37508 0.122446 0.37508
1 57 35 39 -0.707107 0 0.707107 -0.707107 0 0.707107 -0.866025 0 0.5 0.122446 0.37508 0.00163361 0.37508 0.00163361 0.333413
1 57 39 58 -0.707107 0 0.707107 -0.866025 0 0.5 -0.866025 0 0.5 0.122446 0.37508 0.00163361 0.333413 0.122446 0.333413
1 58 39 59 -0.866025 0 0.5 -0.866025 0 0.5 -0.965926 0 0.258819 0.122446 0.333413 0.00163361 0.333413 0.122446 0.291746
1 39 43 59 -0.866025 0 0.5 -0.965926 0 0.258819 -0.965926 0 0.258819 0.00163361 0.333413 0.00163361 0.291747 0.122446 0.291746
1 59 43 47 -0.965926 0 0.258819 -0.965926 0 0.258819 -1 0 0 0.122446 0.291746 0.00163361 0.291747 0.00163361 0.25008
1 59 47 60 -0.965926 0 0.258819 -1 0 0 -1 0 0 0.122446 0.291746 0.00163361 0.25008 0.122446 0.25008
1 60 47 61 -1 0 0 -1 0 0 -0.965926 0 -0.258819 0.122446 0.25008 0.00163361 0.25008 0.122446 0.208413
1 47 45 61 -1 0 0 -0.965926 0 -0.258819 -0.965926 0 -0.258819 0.00163361 0.25008 0.00163361 0.208413 0.122446 0.208413
1 61 45 41 -0.965926 0 -0.258819 -0.965926 0 -0.258819 -0.866025 0 -0.5 0.122446 0.208413 0.00163361 0.208413 0.00163361 0.166747
1 61 41 62 -0.965926 0 -0.258819 -0.866025 0 -0.5 -0.866025 0 -0.5 0.122446 0.208413 0.00163361 0.166747 0.122446 0.166747
1 62 41 63 -0.866025 0 -0.5 -0.866025 0 -0.5 -0.707107 0 -0.707107 0.122446 0.166747 0.00163361 0.166747 0.122446 0.12508
1 41 37 63 -0.866025 0 -0.5 -0.707107 0 -0.707107 -0.707107 0 -0.707107 0.00163361 0.166747 0.00163361 0.12508 0.122446 0.12508
1 63 37 33 -0.707107 0 -0.707107 -0.707107 0 -0.707107 -0.5 0 -0.866025 0.122446 0.12508 0.00163361 0.12508 0.00163358 0.0834132
1 63 33 64 -0.707107 0 -0.707107 -0.5 0 -0.866025 -0.5 0 -0.866025 0.122446 0.12508 0.00163358 0.0834132 0.122446 0.0834132
1 64 33 65 -0.5 0 -0.866025 -0.5 0 -0.866025 -0.258819 0 -0.965926 0.122446 0.0834132 0.00163358 0.0834132 0.122446 0.0417466
1 33 29 65 -0.5 0 -0.866025 -0.258819 0 -0.965926 -0.258819 0 -0.965926 0.00163358 0.0834132 0.00163358 0.0417466 0.122446 0.0417466
1 65 29 25 -0.258819 0 -0.965926 -0.258819 0 -0.965926 0 0 -1 0.122446 0.0417466 0.00163358 0.0417466 0.00163358 7.99298e-005
1 65 25 66 -0.258819 0 -0.965926 0 0 -1 0 0 -1 0.122446 0.0417466 0.00163358 7.99298e-005 0.122446 7.99298e-005
1 66 25 67 0 0 -1 0 0 -1 0.258819 0 -0.965926 0.122446 1.00008 0.00163361 1.00008 0.122446 0.958413
1 25 21 67 0 0 -1 0.258819 0 -0.965926 0.258819 0 -0.965926 0.00163361 1.00008 0.00163361 0.958413 0.122446 0.958413
1 67 21 17 0.258819 0 -0.965926 0.258819 0 -0.965926 0.5 0 -0.866025 0.122446 0.958413 0.00163361 0.958413 0.00163361 0.916746
1 67 17 68 0.258819 0 -0.965926 0.5 0 -0.866025 0.5 0 -0.866025 0.122446 0.958413 0.00163361 0.916746 0.122446 0.916746
1 68 17 69 0.5 0 -0.866025 0.5 0 -0.866025 0.707107 0 -0.707107 0.122446 0.916746 0.00163361 0.916746 0.122446 0.87508
1 17 13 69 0.5 0 -0.866025 0.707107 0 -0.707107 0.707107 0 -0.707107 0.00163361 0.916746 0.00163361 0.87508 0.122446 0.87508
1 69 13 9 0.707107 0 -0.707107 0.707107 0 -0.707107 0.866025 0 -0.5 0.122446 0.87508 0.00163361 0.87508 0.00163361 0.833413
1 69 9 70 0.707107 0 -0.707107 0.866025 0 -0.5 0.866025 0 -0.5 0.122446 0.87508 0.00163361 0.833413 0.122446 0.833413
1 70 9 71 0.866025 0 -0.5 0.866025 0 -0.5 0.965926 0 -0.258819 0.122446 0.833413 0.00163361 0.833413 0.122446 0.791746
1 9 4 71 0.866025 0 -0.5 0.965926 0 -0.258819 0.965926 0 -0.258819 0.00163361 0.833413 0.00163361 0.791746 0.122446 0.791746
1 71 4 3 0.965926 0 -0.258819 0.965926 0 -0.258819 1 0 0 0.122446 0.791746 0.00163361 0.791746 0.00163361 0.75008
1 71 3 48 0.965926 0 -0.258819 1 0 0 1 0 0 0.122446 0.791746 0.00163361 0.75008 0.122446 0.75008
2 72 48 49 1 3.4711e-006 5.219e-007 0.808242 0.587782 -0.0354672 0.789878 0.587788 0.174925 0.130259 0.75008 0.122446 0.75008 0.122446 0.708413
2 72 49 73 1 3.4711e-006 5.219e-007 0.789878 0.587788 0.174925 0.965926 3.92816e-006 0.25882 0.130259 0.75008 0.122446 0.708413 0.130259 0.708413
2 74 71 48 0.965925 7.22634e-006 -0.258822 0.77152 0.587782 -0.243452 0.808242 0.587782 -0.0354672 0.130259 0.791747 0.122446 0.791746 0.122446 0.75008
2 74 48 72 0.965925 7.22634e-006 -0.258822 0.808242 0.587782 -0.0354672 1 3.4711e-006 5.219e-007 0.130259 0.791747 0.122446 0.75008 0.130259 0.75008
2 73 49 50 0.965926 3.92816e-006 0.25882 0.789878 0.587788 0.174925 0.717697 0.587772 0.37341 0.130259 0.708413 0.122446 0.708413 0.122446 0.666746
2 73 50 75 0.965926 3.92816e-006 0.25882 0.717697 0.587772 0.37341 0.866024 -3.5452e-006 0.500002 0.130259 0.708413 0.122446 0.666746 0.130259 0.666746
2 76 70 71 0.866026 -2.59405e-006 -0.5 0.682232 0.58777 -0.43484 0.77152 0.587782 -0.243452 0.130259 0.833413 0.122446 0.833413 0.122446 0.791746
2 76 71 74 0.866026 -2.59405e-006 -0.5 0.77152 0.587782 -0.243452 0.965925 7.22634e-006 -0.258822 0.130259 0.833413 0.122446 0.791746 0.130259 0.791747
2 75 50 51 0.866024 -3.5452e-006 0.500002 0.717697 0.587772 0.37341 0.596596 0.587781 0.546431 0.130259 0.666746 0.122446 0.666746 0.122446 0.62508
2 75 51 77 0.866024 -3.5452e-006 0.500002 0.596596 0.587781 0.546431 0.707108 3.10052e-006 0.707106 0.130259 0.666746 0.122446 0.62508 0.130259 0.62508
2 78 69 70 0.707106 3.10052e-006 -0.707108 0.546431 0.587781 -0.596596 0.682232 0.58777 -0.43484 0.130259 0.87508 0.122446 0.87508 0.122446 0.833413
2 78 70 76 0.707106 3.10052e-006 -0.707108 0.682232 0.58777 -0.43484 0.866026 -2.59405e-006 -0.5 0.130259 0.87508 0.122446 0.833413 0.130259 0.833413
2 77 51 52 0.707108 3.10052e-006 0.707106 0.596596 0.587781 0.546431 0.43484 0.58777 0.682232 0.130259 0.62508 0.122446 0.62508 0.122446 0.583413
2 77 52 79 0.707108 3.10052e-006 0.707106 0.43484 0.58777 0.682232 0.5 -2.6064e-006 0.866026 0.130259 0.62508 0.122446 0.583413 0.130259 0.583413
2 80 68 69 0.500002 -3.5452e-006 -0.866024 0.37341 0.587772 -0.717697 0.546431 0.587781 -0.596596 0.130259 0.916746 0.122446 0.916746 0.122446 0.87508
2 80 69 78 0.500002 -3.5452e-006 -0.866024 0.546431 0.587781 -0.596596 0.707106 3.10052e-006 -0.707108 0.130259 0.916746 0.122446 0.87508 0.130259 0.87508
2 79 52 53 0.5 -2.6064e-006 0.866026 0.43484 0.58777 0.682232 0.243452 0.587782 0.77152 0.130259 0.583413 0.122446 0.583413 0.122446 0.541747
2 79 53 81 0.5 -2.6064e-006 0.866026 0.243452 0.587782 0.77152 0.258822 7.2387e-006 0.965925 0.130259 0.583413 0.122446 0.541747 0.130259 0.541747
2 82 67 68 0.25882 3.92816e-006 -0.965926 0.174925 0.587788 -0.789878 0.37341 0.587772 -0.717697 0.130259 0.958413 0.122446 0.958413 0.122446 0.916746
2 82 68 80 0.25882 3.92816e-006 -0.965926 0.37341 0.587772 -0.717697 0.500002 -3.5452e-006 -0.866024 0.130259 0.958413 0.122446 0.916746 0.130259 0.916746
2 81 53 54 0.258822 7.2387e-006 0.965925 0.243452 0.587782 0.77152 0.0354672 0.587782 0.808242 0.130259 0.541747 0.122446 0.541747 0.122446 0.50008
2 81 54 83 0.258822 7.2387e-006 0.965925 0.0354672 0.587782 0.808242 -5.28077e-007 3.45875e-006 1 0.130259 0.541747 0.122446 0.50008 0.130259 0.50008
2 84 66 67 5.15724e-007 3.48345e-006 -1 -0.0354672 0.587782 -0.808242 0.174925 0.587788 -0.789878 0.130259 1.00008 0.122446 1.00008 0.122446 0.958413
2 84 67 82 5.15724e-007 3.48345e-006 -1 0.174925 0.587788 -0.789878 0.25882 3.92816e-006 -0.965926 0.130259 1.00008 0.122446 0.958413 0.130259 0.958413
2 83 54 55 -5.28077e-007 3.45875e-006 1 0.0354672 0.587782 0.808242 -0.174925 0.587788 0.789878 0.130259 0.50008 0.122446 0.50008 0.122446 0.458413
2 83 55 85 -5.28077e-007 3.45875e-006 1 -0.174925 0.587788 0.789878 -0.25882 3.92816e-006 0.965926 0.130259 0.50008 0.122446 0.458413 0.130259 0.458413
2 86 65 66 -0.258822 7.23869e-006 -0.965925 -0.243452 0.587782 -0.77152 -0.0354672 0.587782 -0.808242 0.130259 0.0417466 0.122446 0.0417466 0.122446 7.99298e-005
2 86 66 84 -0.258822 7.23869e-006 -0.965925 -0.0354672 0.587782 -0.808242 5.15724e-007 3.48345e-006 -1 0.130259 0.0417466 0.122446 7.99298e-005 0.130259 7.99298e-005
2 85 55 56 -0.25882 3.92816e-006 0.965926 -0.174925 0.587788 0.789878 -0.37341 0.587772 0.717697 0.130259 0.458413 0.122446 0.458413 0.122446 0.416746
2 85 56 87 -0.25882 3.92816e-006 0.965926 -0.37341 0.587772 0.717697 -0.500002 -3.52049e-006 0.866024 0.130259 0.458413 0.122446 0.416746 0.130259 0.416746
2 88 64 65 -0.5 -2.61875e-006 -0.866026 -0.43484 0.58777 -0.682232 -0.243452 0.587782 -0.77152 0.130259 0.0834134 0.122446 0.0834132 0.122446 0.0417466
2 88 65 86 -0.5 -2.61875e-006 -0.866026 -0.243452 0.587782 -0.77152 -0.258822 7.23869e-006 -0.965925 0.130259 0.0834134 0.122446 0.0417466 0.130259 0.0417466
2 87 56 57 -0.500002 -3.52049e-006 0.866024 -0.37341 0.587772 0.717697 -0.546431 0.587781 0.596596 0.130259 0.416746 0.122446 0.416746 0.122446 0.37508
2 87 57 89 -0.500002 -3.52049e-006 0.866024 -0.546431 0.587781 0.596596 -0.707106 3.10052e-006 0.707108 0.130259 0.416746 0.122446 0.37508 0.130259 0.37508
2 90 63 64 -0.707108 3.10052e-006 -0.707106 -0.596596 0.587781 -0.546431 -0.43484 0.58777 -0.682232 0.130259 0.12508 0.122446 0.12508 0.122446 0.0834132
2 90 64 88 -0.707108 3.10052e-006 -0.707106 -0.43484 0.58777 -0.682232 -0.5 -2.61875e-006 -0.866026 0.130259 0.12508 0.122446 0.0834132 0.130259 0.0834134
2 89 57 58 -0.707106 3.10052e-006 0.707108 -0.546431 0.587781 0.596596 -0.682232 0.58777 0.43484 0.130259 0.37508 0.122446 0.37508 0.122446 0.333413
2 89 58 91 -0.707106 3.10052e-006 0.707108 -0.682232 0.58777 0.43484 -0.866026 -2.6064e-006 0.5 0.130259 0.37508 0.122446 0.333413 0.130259 0.333413
2 92 62 63 -0.866024 -3.5452e-006 -0.500002 -0.717697 0.587772 -0.37341 -0.596596 0.587781 -0.546431 0.130259 0.166746 0.122446 0.166747 0.122446 0.12508
2 92 63 90 -0.866024 -3.5452e-006 -0.500002 -0.596596 0.587781 -0.546431 -0.707108 3.10052e-006 -0.707106 0.130259 0.166746 0.122446 0.12508 0.130259 0.12508
2 91 58 59 -0.866026 -2.6064e-006 0.5 -0.682232 0.58777 0.43484 -0.77152 0.587782 0.243452 0.130259 0.333413 0.122446 0.333413 0.122446 0.291746
2 91 59 93 -0.866026 -2.6064e-006 0.5 -0.77152 0.587782 0.243452 -0.965925 7.2387e-006 0.258822 0.130259 0.333413 0.122446 0.291746 0.130259 0.291747
2 94 61 62 -0.965926 3.92816e-006 -0.25882 -0.789878 0.587788 -0.174925 -0.717697 0.587772 -0.37341 0.130259 0.208413 0.122446 0.208413 0.122446 0.166747
2 94 62 92 -0.965926 3.92816e-006 -0.25882 -0.717697 0.587772 -0.37341 -0.866024 -3.5452e-006 -0.500002 0.130259 0.208413 0.122446 0.166747 0.130259 0.166746
2 93 59 60 -0.965925 7.2387e-006 0.258822 -0.77152 0.587782 0.243452 -0.808242 0.587782 0.0354672 0.130259 0.291747 0.122446 0.291746 0.122446 0.25008
2 93 60 95 -0.965925 7.2387e-006 0.258822 -0.808242 0.587782 0.0354672 -1 3.4711e-006 -5.219e-007 0.130259 0.291747 0.122446 0.25008 0.130259 0.25008
2 95 60 61 -1 3.4711e-006 -5.219e-007 -0.808242 0.587782 0.0354672 -0.789878 0.587788 -0.174925 0.130259 0.25008 0.122446 0.25008 0.122446 0.208413
2 95 61 94 -1 3.4711e-006 -5.219e-007 -0.789878 0.587788 -0.174925 -0.965926 3.92816e-006 -0.25882 0.130259 0.25008 0.122446 0.208413 0.130259 0.208413
2 96 72 73 0.95083 -0.309683 -0.00435073 1 3.4711e-006 5.219e-007 0.965926 3.92816e-006 0.25882 0.138071 0.75008 0.130259 0.75008 0.130259 0.708413
2 96 73 97 0.95083 -0.309683 -0.00435073 0.965926 3.92816e-006 0.25882 0.919557 -0.309684 0.241892 0.138071 0.75008 0.130259 0.708413 0.138071 0.708413
2 98 74 72 0.917304 -0.309684 -0.250298 0.965925 7.22634e-006 -0.258822 1 3.4711e-006 5.219e-007 0.138071 0.791747 0.130259 0.791747 0.130259 0.75008
2 98 72 96 0.917304 -0.309684 -0.250298 1 3.4711e-006 5.219e-007 0.95083 -0.309683 -0.00435073 0.138071 0.791747 0.130259 0.75008 0.138071 0.75008
2 97 73 75 0.919557 -0.309684 0.241892 0.965926 3.92816e-006 0.25882 0.866024 -3.5452e-006 0.500002 0.138071 0.708413 0.130259 0.708413 0.130259 0.666746
2 97 75 99 0.919557 -0.309684 0.241892 0.866024 -3.5452e-006 0.500002 0.825618 -0.309683 0.471648 0.138071 0.708413 0.130259 0.666746 0.138071 0.666746
2 100 76 74 0.821267 -0.309683 -0.479183 0.866026 -2.59405e-006 -0.5 0.965925 7.22634e-006 -0.258822 0.138071 0.833413 0.130259 0.833413 0.130259 0.791747
2 100 74 98 0.821267 -0.309683 -0.479183 0.965925 7.22634e-006 -0.258822 0.917304 -0.309684 -0.250298 0.138071 0.833413 0.130259 0.791747 0.138071 0.791747
2 99 75 77 0.825618 -0.309683 0.471648 0.866024 -3.5452e-006 0.500002 0.707108 3.10052e-006 0.707106 0.138071 0.666746 0.130259 0.666746 0.130259 0.62508
2 99 77 101 0.825618 -0.309683 0.471648 0.707108 3.10052e-006 0.707106 0.675415 -0.309683 0.669262 0.138071 0.666746 0.130259 0.62508 0.138071 0.62508
2 102 78 76 0.669262 -0.309683 -0.675415 0.707106 3.10052e-006 -0.707108 0.866026 -2.59405e-006 -0.5 0.138071 0.87508 0.130259 0.87508 0.130259 0.833413
2 102 76 100 0.669262 -0.309683 -0.675415 0.866026 -2.59405e-006 -0.5 0.821267 -0.309683 -0.479183 0.138071 0.87508 0.130259 0.833413 0.138071 0.833413
2 101 77 79 0.675415 -0.309683 0.669262 0.707108 3.10052e-006 0.707106 0.5 -2.6064e-006 0.866026 0.138071 0.62508 0.130259 0.62508 0.130259 0.583413
2 101 79 103 0.675415 -0.309683 0.669262 0.5 -2.6064e-006 0.866026 0.479184 -0.309683 0.821267 0.138071 0.62508 0.130259 0.583413 0.138071 0.583413
2 104 80 78 0.471648 -0.309683 -0.825618 0.500002 -3.5452e-006 -0.866024 0.707106 3.10052e-006 -0.707108 0.138071 0.916746 0.130259 0.916746 0.130259 0.87508
2 104 78 102 0.471648 -0.309683 -0.825618 0.707106 3.10052e-006 -0.707108 0.669262 -0.309683 -0.675415 0.138071 0.916746 0.130259 0.87508 0.138071 0.87508
2 103 79 81 0.479184 -0.309683 0.821267 0.5 -2.6064e-006 0.866026 0.258822 7.2387e-006 0.965925 0.138071 0.583413 0.130259 0.583413 0.130259 0.541747
2 103 81 105 0.479184 -0.309683 0.821267 0.258822 7.2387e-006 0.965925 0.250298 -0.309684 0.917304 0.138071 0.583413 0.130259 0.541747 0.138071 0.541747
2 106 82 80 0.241892 -0.309684 -0.919556 0.25882 3.92816e-006 -0.965926 0.500002 -3.5452e-006 -0.866024 0.138071 0.958413 0.130259 0.958413 0.130259 0.916746
2 106 80 104 0.241892 -0.309684 -0.919556 0.500002 -3.5452e-006 -0.866024 0.471648 -0.309683 -0.825618 0.138071 0.958413 0.130259 0.916746 0.138071 0.916746
2 105 81 83 0.250298 -0.309684 0.917304 0.258822 7.2387e-006 0.965925 -5.28077e-007 3.45875e-006 1 0.138071 0.541747 0.130259 0.541747 0.130259 0.50008
2 105 83 107 0.250298 -0.309684 0.917304 -5.28077e-007 3.45875e-006 1 0.00435073 -0.309683 0.95083 0.138071 0.541747 0.130259 0.50008 0.138071 0.50008
2 108 84 82 -0.00435073 -0.309683 -0.95083 5.15724e-007 3.48345e-006 -1 0.25882 3.92816e-006 -0.965926 0.138071 1.00008 0.130259 1.00008 0.130259 0.958413
2 108 82 106 -0.00435073 -0.309683 -0.95083 0.25882 3.92816e-006 -0.965926 0.241892 -0.309684 -0.919556 0.138071 1.00008 0.130259 0.958413 0.138071 0.958413
2 107 83 85 0.00435073 -0.309683 0.95083 -5.28077e-007 3.45875e-006 1 -0.25882 3.92816e-006 0.965926 0.138071 0.50008 0.130259 0.50008 0.130259 0.458413
2 107 85 109 0.00435073 -0.309683 0.95083 -0.25882 3.92816e-006 0.965926 -0.241892 -0.309683 0.919557 0.138071 0.50008 0.130259 0.458413 0.138071 0.458413
2 110 86 84 -0.250298 -0.309683 -0.917304 -0.258822 7.23869e-006 -0.965925 5.15724e-007 3.48345e-006 -1 0.138071 0.0417466 0.130259 0.0417466 0.130259 7.99298e-005
2 110 84 108 -0.250298 -0.309683 -0.917304 5.15724e-007 3.48345e-006 -1 -0.00435073 -0.309683 -0.95083 0.138071 0.0417466 0.130259 7.99298e-005 0.138071 7.99298e-005
2 109 85 87 -0.241892 -0.309683 0.919557 -0.25882 3.92816e-006 0.965926 -0.500002 -3.52049e-006 0.866024 0.138071 0.458413 0.130259 0.458413 0.130259 0.416746
2 109 87 111 -0.241892 -0.309683 0.919557 -0.500002 -3.52049e-006 0.866024 -0.471648 -0.309683 0.825618 0.138071 0.458413 0.130259 0.416746 0.138071 0.416746
2 112 88 86 -0.479183 -0.309683 -0.821267 -0.5 -2.61875e-006 -0.866026 -0.258822 7.23869e-006 -0.965925 0.138071 0.0834134 0.130259 0.0834134 0.130259 0.0417466
2 112 86 110 -0.479183 -0.309683 -0.821267 -0.258822 7.23869e-006 -0.965925 -0.250298 -0.309683 -0.917304 0.138071 0.0834134 0.130259 0.0417466 0.138071 0.0417466
2 111 87 89 -0.471648 -0.309683 0.825618 -0.500002 -3.52049e-006 0.866024 -0.707106 3.10052e-006 0.707108 0.138071 0.416746 0.130259 0.416746 0.130259 0.37508
2 111 89 113 -0.471648 -0.309683 0.825618 -0.707106 3.10052e-006 0.707108 -0.669262 -0.309683 0.675415 0.138071 0.416746 0.130259 0.37508 0.138071 0.37508
2 114 90 88 -0.675415 -0.309683 -0.669262 -0.707108 3.10052e-006 -0.707106 -0.5 -2.61875e-006 -0.866026 0.138071 0.12508 0.130259 0.12508 0.130259 0.0834134
2 114 88 112 -0.675415 -0.309683 -0.669262 -0.5 -2.61875e-006 -0.866026 -0.479183 -0.309683 -0.821267 0.138071 0.12508 0.130259 0.0834134 0.138071 0.0834134
2 113 89 91 -0.669262 -0.309683 0.675415 -0.707106 3.10052e-006 0.707108 -0.866026 -2.6064e-006 0.5 0.138071 0.37508 0.130259 0.37508 0.130259 0.333413
2 113 91 115 -0.669262 -0.309683 0.675415 -0.866026 -2.6064e-006 0.5 -0.821267 -0.309683 0.479184 0.138071 0.37508 0.130259 0.333413 0.138071 0.333413
2 116 92 90 -0.825618 -0.309683 -0.471648 -0.866024 -3.5452e-006 -0.500002 -0.707108 3.10052e-006 -0.707106 0.138071 0.166746 0.130259 0.166746 0.130259 0.12508
2 116 90 114 -0.825618 -0.309683 -0.471648 -0.707108 3.10052e-006 -0.707106 -0.675415 -0.309683 -0.669262 0.138071 0.166746 0.130259 0.12508 0.138071 0.12508
2 115 91 93 -0.821267 -0.309683 0.479184 -0.866026 -2.6064e-006 0.5 -0.965925 7.2387e-006 0.258822 0.138071 0.333413 0.130259 0.333413 0.130259 0.291747
2 115 93 117 -0.821267 -0.309683 0.479184 -0.965925 7.2387e-006 0.258822 -0.917304 -0.309684 0.250298 0.138071 0.333413 0.130259 0.291747 0.138071 0.291747
2 118 94 92 -0.919556 -0.309684 -0.241892 -0.965926 3.92816e-006 -0.25882 -0.866024 -3.5452e-006 -0.500002 0.138071 0.208413 0.130259 0.208413 0.130259 0.166746
2 118 92 116 -0.919556 -0.309684 -0.241892 -0.866024 -3.5452e-006 -0.500002 -0.825618 -0.309683 -0.471648 0.138071 0.208413 0.130259 0.166746 0.138071 0.166746
2 117 93 95 -0.917304 -0.309684 0.250298 -0.965925 7.2387e-006 0.258822 -1 3.4711e-006 -5.219e-007 0.138071 0.291747 0.130259 0.291747 0.130259 0.25008
2 117 95 119 -0.917304 -0.309684 0.250298 -1 3.4711e-006 -5.219e-007 -0.95083 -0.309683 0.00435073 0.138071 0.291747 0.130259 0.25008 0.138071 0.25008
2 119 95 94 -0.95083 -0.309683 0.00435073 -1 3.4711e-006 -5.219e-007 -0.965926 3.92816e-006 -0.25882 0.138071 0.25008 0.130259 0.25008 0.130259 0.208413
2 119 94 118 -0.95083 -0.309683 0.00435073 -0.965926 3.92816e-006 -0.25882 -0.919556 -0.309684 -0.241892 0.138071 0.25008 0.130259 0.208413 0.138071 0.208413
2 120 96 97 0.95083 0.309683 0.00435073 0.95083 -0.309683 -0.00435073 0.919557 -0.309684 0.241892 0.362196 0.75008 0.138071 0.75008 0.138071 0.708413
2 120 97 121 0.95083 0.309683 0.00435073 0.919557 -0.309684 0.241892 0.917304 0.309684 0.250298 0.362196 0.75008 0.138071 0.708413 0.362196 0.708413
2 122 98 96 0.919557 0.309684 -0.241892 0.917304 -0.309684 -0.250298 0.95083 -0.309683 -0.00435073 0.362196 0.791747 0.138071 0.791747 0.138071 0.75008
2 122 96 120 0.919557 0.309684 -0.241892 0.95083 -0.309683 -0.00435073 0.95083 0.309683 0.00435073 0.362196 0.791747 0.138071 0.75008 0.362196 0.75008
2 121 97 99 0.917304 0.309684 0.250298 0.919557 -0.309684 0.241892 0.825618 -0.309683 0.471648 0.362196 0.708413 0.138071 0.708413 0.138071 0.666746
2 121 99 123 0.917304 0.309684 0.250298 0.825618 -0.309683 0.471648 0.821267 0.309683 0.479184 0.362196 0.708413 0.138071 0.666746 0.362196 0.666746
2 124 100 98 0.825618 0.309683 -0.471648 0.821267 -0.309683 -0.479183 0.917304 -0.309684 -0.250298 0.362196 0.833413 0.138071 0.833413 0.138071 0.791747
2 124 98 122 0.825618 0.309683 -0.471648 0.917304 -0.309684 -0.250298 0.919557 0.309684 -0.241892 0.362196 0.833413 0.138071 0.791747 0.362196 0.791747
2 123 99 101 0.821267 0.309683 0.479184 0.825618 -0.309683 0.471648 0.675415 -0.309683 0.669262 0.362196 0.666746 0.138071 0.666746 0.138071 0.62508
2 123 101 125 0.821267 0.309683 0.479184 0.675415 -0.309683 0.669262 0.669262 0.309683 0.675415 0.362196 0.666746 0.138071 0.62508 0.362196 0.62508
2 126 102 100 0.675415 0.309683 -0.669262 0.669262 -0.309683 -0.675415 0.821267 -0.309683 -0.479183 0.362196 0.87508 0.138071 0.87508 0.138071 0.833413
2 126 100 124 0.675415 0.309683 -0.669262 0.821267 -0.309683 -0.479183 0.825618 0.309683 -0.471648 0.362196 0.87508 0.138071 0.833413 0.362196 0.833413
2 125 101 103 0.669262 0.309683 0.675415 0.675415 -0.309683 0.669262 0.479184 -0.309683 0.821267 0.362196 0.62508 0.138071 0.62508 0.138071 0.583413
2 125 103 127 0.669262 0.309683 0.675415 0.479184 -0.309683 0.821267 0.471648 0.309683 0.825618 0.362196 0.62508 0.138071 0.583413 0.362196 0.583413
2 128 104 102 0.479183 0.309683 -0.821267 0.471648 -0.309683 -0.825618 0.669262 -0.309683 -0.675415 0.362196 0.916746 0.138071 0.916746 0.138071 0.87508
2 128 102 126 0.479183 0.309683 -0.821267 0.669262 -0.309683 -0.675415 0.675415 0.309683 -0.669262 0.362196 0.916746 0.138071 0.87508 0.362196 0.87508
2 127 103 105 0.471648 0.309683 0.825618 0.479184 -0.309683 0.821267 0.250298 -0.309684 0.917304 0.362196 0.583413 0.138071 0.583413 0.138071 0.541747
2 127 105 129 0.471648 0.309683 0.825618 0.250298 -0.309684 0.917304 0.241892 0.309684 0.919557 0.362196 0.583413 0.138071 0.541747 0.362196 0.541747
2 130 106 104 0.250298 0.309684 -0.917304 0.241892 -0.309684 -0.919556 0.471648 -0.309683 -0.825618 0.362196 0.958413 0.138071 0.958413 0.138071 0.916746
2 130 104 128 0.250298 0.309684 -0.917304 0.471648 -0.309683 -0.825618 0.479183 0.309683 -0.821267 0.362196 0.958413 0.138071 0.916746 0.362196 0.916746
2 129 105 107 0.241892 0.309684 0.919557 0.250298 -0.309684 0.917304 0.00435073 -0.309683 0.95083 0.362196 0.541747 0.138071 0.541747 0.138071 0.50008
2 129 107 131 0.241892 0.309684 0.919557 0.00435073 -0.309683 0.95083 -0.00435073 0.309683 0.95083 0.362196 0.541747 0.138071 0.50008 0.362196 0.50008
2 132 108 106 0.00435073 0.309683 -0.95083 -0.00435073 -0.309683 -0.95083 0.241892 -0.309684 -0.919556 0.362196 1.00008 0.138071 1.00008 0.138071 0.958413
2 132 106 130 0.00435073 0.309683 -0.95083 0.241892 -0.309684 -0.919556 0.250298 0.309684 -0.917304 0.362196 1.00008 0.138071 0.958413 0.362196 0.958413
2 131 107 109 -0.00435073 0.309683 0.95083 0.00435073 -0.309683 0.95083 -0.241892 -0.309683 0.919557 0.362196 0.50008 0.138071 0.50008 0.138071 0.458413
2 131 109 133 -0.00435073 0.309683 0.95083 -0.241892 -0.309683 0.919557 -0.250298 0.309683 0.917304 0.362196 0.50008 0.138071 0.458413 0.362196 0.458413
2 134 110 108 -0.241892 0.309683 -0.919557 -0.250298 -0.309683 -0.917304 -0.00435073 -0.309683 -0.95083 0.362196 0.0417466 0.138071 0.0417466 0.138071 7.99298e-005
2 134 108 132 -0.241892 0.309683 -0.919557 -0.00435073 -0.309683 -0.95083 0.00435073 0.309683 -0.95083 0.362196 0.0417466 0.138071 7.99298e-005 0.362196 7.98702e-005
2 133 109 111 -0.250298 0.309683 0.917304 -0.241892 -0.309683 0.919557 -0.471648 -0.309683 0.825618 0.362196 0.458413 0.138071 0.458413 0.138071 0.416746
2 133 111 135 -0.250298 0.309683 0.917304 -0.471648 -0.309683 0.825618 -0.479184 0.309683 0.821267 0.362196 0.458413 0.138071 0.416746 0.362196 0.416746
2 136 112 110 -0.471648 0.309683 -0.825618 -0.479183 -0.309683 -0.821267 -0.250298 -0.309683 -0.917304 0.362196 0.0834133 0.138071 0.0834134 0.138071 0.0417466
2 136 110 134 -0.471648 0.309683 -0.825618 -0.250298 -0.309683 -0.917304 -0.241892 0.309683 -0.919557 0.362196 0.0834133 0.138071 0.0417466 0.362196 0.0417466
2 135 111 113 -0.479184 0.309683 0.821267 -0.471648 -0.309683 0.825618 -0.669262 -0.309683 0.675415 0.362196 0.416746 0.138071 0.416746 0.138071 0.37508
2 135 113 137 -0.479184 0.309683 0.821267 -0.669262 -0.309683 0.675415 -0.675415 0.309683 0.669262 0.362196 0.416746 0.138071 0.37508 0.362196 0.37508
2 138 114 112 -0.669262 0.309683 -0.675415 -0.675415 -0.309683 -0.669262 -0.479183 -0.309683 -0.821267 0.362196 0.12508 0.138071 0.12508 0.138071 0.0834134
2 138 112 136 -0.669262 0.309683 -0.675415 -0.479183 -0.309683 -0.821267 -0.471648 0.309683 -0.825618 0.362196 0.12508 0.138071 0.0834134 0.362196 0.0834133
2 137 113 115 -0.675415 0.309683 0.669262 -0.669262 -0.309683 0.675415 -0.821267 -0.309683 0.479184 0.362196 0.37508 0.138071 0.37508 0.138071 0.333413
2 137 115 139 -0.675415 0.309683 0.669262 -0.821267 -0.309683 0.479184 -0.825618 0.309683 0.471648 0.362196 0.37508 0.138071 0.333413 0.362196 0.333413
2 140 116 114 -0.821267 0.309683 -0.479183 -0.825618 -0.309683 -0.471648 -0.675415 -0.309683 -0.669262 0.362196 0.166746 0.138071 0.166746 0.138071 0.12508
2 140 114 138 -0.821267 0.309683 -0.479183 -0.675415 -0.309683 -0.669262 -0.669262 0.309683 -0.675415 0.362196 0.166746 0.138071 0.12508 0.362196 0.12508
2 139 115 117 -0.825618 0.309683 0.471648 -0.821267 -0.309683 0.479184 -0.917304 -0.309684 0.250298 0.362196 0.333413 0.138071 0.333413 0.138071 0.291747
2 139 117 141 -0.825618 0.309683 0.471648 -0.917304 -0.309684 0.250298 -0.919557 0.309684 0.241892 0.362196 0.333413 0.138071 0.291747 0.362196 0.291747
2 142 118 116 -0.917304 0.309684 -0.250298 -0.919556 -0.309684 -0.241892 -0.825618 -0.309683 -0.471648 0.362196 0.208413 0.138071 0.208413 0.138071 0.166746
2 142 116 140 -0.917304 0.309684 -0.250298 -0.825618 -0.309683 -0.471648 -0.821267 0.309683 -0.479183 0.362196 0.208413 0.138071 0.166746 0.362196 0.166746
2 141 117 119 -0.919557 0.309684 0.241892 -0.917304 -0.309684 0.250298 -0.95083 -0.309683 0.00435073 0.362196 0.291747 0.138071 0.291747 0.138071 0.25008
2 141 119 143 -0.919557 0.309684 0.241892 -0.95083 -0.309683 0.00435073 -0.95083 0.309683 -0.00435073 0.362196 0.291747 0.138071 0.25008 0.362196 0.25008
2 143 119 118 -0.95083 0.309683 -0.00435073 -0.95083 -0.309683 0.00435073 -0.919556 -0.309684 -0.241892 0.362196 0.25008 0.138071 0.25008 0.138071 0.208413
2 143 118 142 -0.95083 0.309683 -0.00435073 -0.919556 -0.309684 -0.241892 -0.917304 0.309684 -0.250298 0.362196 0.25008 0.138071 0.208413 0.362196 0.208413
2 144 120 121 1 1.23526e-008 0 0.95083 0.309683 0.00435073 0.917304 0.309684 0.250298 0.370008 0.75008 0.362196 0.75008 0.362196 0.708413
2 144 121 145 1 1.23526e-008 0 0.917304 0.309684 0.250298 0.965925 2.47053e-008 0.258821 0.370008 0.75008 0.362196 0.708413 0.370008 0.708413
2 146 122 120 0.965925 -3.7058e-008 -0.258821 0.919557 0.309684 -0.241892 0.95083 0.309683 0.00435073 0.370008 0.791747 0.362196 0.791747 0.362196 0.75008
2 146 120 144 0.965925 -3.7058e-008 -0.258821 0.95083 0.309683 0.00435073 1 1.23526e-008 0 0.370008 0.791747 0.362196 0.75008 0.370008 0.75008
2 145 121 123 0.965925 2.47053e-008 0.258821 0.917304 0.309684 0.250298 0.821267 0.309683 0.479184 0.370008 0.708413 0.362196 0.708413 0.362196 0.666746
2 145 123 147 0.965925 2.47053e-008 0.258821 0.821267 0.309683 0.479184 0.866025 -1.35879e-007 0.500001 0.370008 0.708413 0.362196 0.666746 0.370008 0.666746
2 148 124 122 0.866025 1.72937e-007 -0.500001 0.825618 0.309683 -0.471648 0.919557 0.309684 -0.241892 0.370008 0.833413 0.362196 0.833413 0.362196 0.791747
2 148 122 146 0.866025 1.72937e-007 -0.500001 0.919557 0.309684 -0.241892 0.965925 -3.7058e-008 -0.258821 0.370008 0.833413 0.362196 0.791747 0.370008 0.791747
2 147 123 125 0.866025 -1.35879e-007 0.500001 0.821267 0.309683 0.479184 0.669262 0.309683 0.675415 0.370008 0.666746 0.362196 0.666746 0.362196 0.62508
2 147 125 149 0.866025 -1.35879e-007 0.500001 0.669262 0.309683 0.675415 0.707107 -1.23527e-008 0.707107 0.370008 0.666746 0.362196 0.62508 0.370008 0.62508
2 150 126 124 0.707107 -1.23527e-008 -0.707107 0.675415 0.309683 -0.669262 0.825618 0.309683 -0.471648 0.370008 0.87508 0.362196 0.87508 0.362196 0.833413
2 150 124 148 0.707107 -1.23527e-008 -0.707107 0.825618 0.309683 -0.471648 0.866025 1.72937e-007 -0.500001 0.370008 0.87508 0.362196 0.833413 0.370008 0.833413
2 149 125 127 0.707107 -1.23527e-008 0.707107 0.669262 0.309683 0.675415 0.471648 0.309683 0.825618 0.370008 0.62508 0.362196 0.62508 0.362196 0.583413
2 149 127 151 0.707107 -1.23527e-008 0.707107 0.471648 0.309683 0.825618 0.500001 1.60584e-007 0.866025 0.370008 0.62508 0.362196 0.583413 0.370008 0.583413
2 152 128 126 0.500001 -1.35879e-007 -0.866025 0.479183 0.309683 -0.821267 0.675415 0.309683 -0.669262 0.370008 0.916746 0.362196 0.916746 0.362196 0.87508
2 152 126 150 0.500001 -1.35879e-007 -0.866025 0.675415 0.309683 -0.669262 0.707107 -1.23527e-008 -0.707107 0.370008 0.916746 0.362196 0.87508 0.370008 0.87508
2 151 127 129 0.500001 1.60584e-007 0.866025 0.471648 0.309683 0.825618 0.241892 0.309684 0.919557 0.370008 0.583413 0.362196 0.583413 0.362196 0.541747
2 151 129 153 0.500001 1.60584e-007 0.866025 0.241892 0.309684 0.919557 0.258821 -2.47053e-008 0.965925 0.370008 0.583413 0.362196 0.541747 0.370008 0.541747
2 154 130 128 0.258821 2.47053e-008 -0.965925 0.250298 0.309684 -0.917304 0.479183 0.309683 -0.821267 0.370008 0.958413 0.362196 0.958413 0.362196 0.916746
2 154 128 152 0.258821 2.47053e-008 -0.965925 0.479183 0.309683 -0.821267 0.500001 -1.35879e-007 -0.866025 0.370008 0.958413 0.362196 0.916746 0.370008 0.916746
2 153 129 131 0.258821 -2.47053e-008 0.965925 0.241892 0.309684 0.919557 -0.00435073 0.309683 0.95083 0.370008 0.541747 0.362196 0.541747 0.362196 0.50008
2 153 131 155 0.258821 -2.47053e-008 0.965925 -0.00435073 0.309683 0.95083 -6.17632e-009 0 1 0.370008 0.541747 0.362196 0.50008 0.370008 0.50008
2 156 132 130 -3.08816e-009 2.47053e-008 -1 0.00435073 0.309683 -0.95083 0.250298 0.309684 -0.917304 0.370008 1.00008 0.362196 1.00008 0.362196 0.958413
2 156 130 154 -3.08816e-009 2.47053e-008 -1 0.250298 0.309684 -0.917304 0.258821 2.47053e-008 -0.965925 0.370008 1.00008 0.362196 0.958413 0.370008 0.958413
2 155 131 133 -6.17632e-009 0 1 -0.00435073 0.309683 0.95083 -0.250298 0.309683 0.917304 0.370008 0.50008 0.362196 0.50008 0.362196 0.458413
2 155 133 157 -6.17632e-009 0 1 -0.250298 0.309683 0.917304 -0.258821 0 0.965925 0.370008 0.50008 0.362196 0.458413 0.370008 0.458413
2 158 134 132 -0.258821 -2.47053e-008 -0.965925 -0.241892 0.309683 -0.919557 0.00435073 0.309683 -0.95083 0.370008 0.0417466 0.362196 0.0417466 0.362196 7.98702e-005
2 158 132 156 -0.258821 -2.47053e-008 -0.965925 0.00435073 0.309683 -0.95083 -3.08816e-009 2.47053e-008 -1 0.370008 0.0417466 0.362196 7.98702e-005 0.370008 7.98702e-005
2 157 133 135 -0.258821 0 0.965925 -0.250298 0.309683 0.917304 -0.479184 0.309683 0.821267 0.370008 0.458413 0.362196 0.458413 0.362196 0.416746
2 157 135 159 -0.258821 0 0.965925 -0.479184 0.309683 0.821267 -0.500001 -8.64684e-008 0.866025 0.370008 0.458413 0.362196 0.416746 0.370008 0.416746
2 160 136 134 -0.500001 1.23526e-007 -0.866025 -0.471648 0.309683 -0.825618 -0.241892 0.309683 -0.919557 0.370008 0.0834133 0.362196 0.0834133 0.362196 0.0417466
2 160 134 158 -0.500001 1.23526e-007 -0.866025 -0.241892 0.309683 -0.919557 -0.258821 -2.47053e-008 -0.965925 0.370008 0.0834133 0.362196 0.0417466 0.370008 0.0417466
2 159 135 137 -0.500001 -8.64684e-008 0.866025 -0.479184 0.309683 0.821267 -0.675415 0.309683 0.669262 0.370008 0.416746 0.362196 0.416746 0.362196 0.37508
2 159 137 161 -0.500001 -8.64684e-008 0.866025 -0.675415 0.309683 0.669262 -0.707107 -1.23527e-008 0.707107 0.370008 0.416746 0.362196 0.37508 0.370008 0.37508
2 162 138 136 -0.707107 -1.23527e-008 -0.707107 -0.669262 0.309683 -0.675415 -0.471648 0.309683 -0.825618 0.370008 0.12508 0.362196 0.12508 0.362196 0.0834133
2 162 136 160 -0.707107 -1.23527e-008 -0.707107 -0.471648 0.309683 -0.825618 -0.500001 1.23526e-007 -0.866025 0.370008 0.12508 0.362196 0.0834133 0.370008 0.0834133
2 161 137 139 -0.707107 -1.23527e-008 0.707107 -0.675415 0.309683 0.669262 -0.825618 0.309683 0.471648 0.370008 0.37508 0.362196 0.37508 0.362196 0.333413
2 161 139 163 -0.707107 -1.23527e-008 0.707107 -0.825618 0.309683 0.471648 -0.866025 1.60584e-007 0.500001 0.370008 0.37508 0.362196 0.333413 0.370008 0.333413
2 164 140 138 -0.866025 -1.35879e-007 -0.500001 -0.821267 0.309683 -0.479183 -0.669262 0.309683 -0.675415 0.370008 0.166746 0.362196 0.166746 0.362196 0.12508
2 164 138 162 -0.866025 -1.35879e-007 -0.500001 -0.669262 0.309683 -0.675415 -0.707107 -1.23527e-008 -0.707107 0.370008 0.166746 0.362196 0.12508 0.370008 0.12508
2 163 139 141 -0.866025 1.60584e-007 0.500001 -0.825618 0.309683 0.471648 -0.919557 0.309684 0.241892 0.370008 0.333413 0.362196 0.333413 0.362196 0.291747
2 163 141 165 -0.866025 1.60584e-007 0.500001 -0.919557 0.309684 0.241892 -0.965925 -2.47053e-008 0.258821 0.370008 0.333413 0.362196 0.291747 0.370008 0.291747
2 166 142 140 -0.965925 2.47053e-008 -0.258821 -0.917304 0.309684 -0.250298 -0.821267 0.309683 -0.479183 0.370008 0.208413 0.362196 0.208413 0.362196 0.166746
2 166 140 164 -0.965925 2.47053e-008 -0.258821 -0.821267 0.309683 -0.479183 -0.866025 -1.35879e-007 -0.500001 0.370008 0.208413 0.362196 0.166746 0.370008 0.166746
2 165 141 143 -0.965925 -2.47053e-008 0.258821 -0.919557 0.309684 0.241892 -0.95083 0.309683 -0.00435073 0.370008 0.291747 0.362196 0.291747 0.362196 0.25008
2 165 143 167 -0.965925 -2.47053e-008 0.258821 -0.95083 0.309683 -0.00435073 -1 1.23526e-008 0 0.370008 0.291747 0.362196 0.25008 0.370008 0.25008
2 167 143 142 -1 1.23526e-008 0 -0.95083 0.309683 -0.00435073 -0.917304 0.309684 -0.250298 0.370008 0.25008 0.362196 0.25008 0.362196 0.208413
2 167 142 166 -1 1.23526e-008 0 -0.917304 0.309684 -0.250298 -0.965925 2.47053e-008 -0.258821 0.370008 0.25008 0.362196 0.208413 0.370008 0.208413
2 168 144 145 0.95083 -0.309683 -0.00435073 1 1.23526e-008 0 0.965925 2.47053e-008 0.258821 0.377821 0.75008 0.370008 0.75008 0.370008 0.708413
2 168 145 169 0.95083 -0.309683 -0.00435073 0.965925 2.47053e-008 0.258821 0.919557 -0.309684 0.241892 0.377821 0.75008 0.370008 0.708413 0.377821 0.708413
2 170 146 144 0.917304 -0.309684 -0.250298 0.965925 -3.7058e-008 -0.258821 1 1.23526e-008 0 0.377821 0.791747 0.370008 0.791747 0.370008 0.75008
2 170 144 168 0.917304 -0.309684 -0.250298 1 1.23526e-008 0 0.95083 -0.309683 -0.00435073 0.377821 0.791747 0.370008 0.75008 0.377821 0.75008
2 169 145 147 0.919557 -0.309684 0.241892 0.965925 2.47053e-008 0.258821 0.866025 -1.35879e-007 0.500001 0.377821 0.708413 0.370008 0.708413 0.370008 0.666746
2 169 147 171 0.919557 -0.309684 0.241892 0.866025 -1.35879e-007 0.500001 0.825618 -0.309683 0.471648 0.377821 0.708413 0.370008 0.666746 0.377821 0.666746
2 172 148 146 0.821267 -0.309683 -0.479183 0.866025 1.72937e-007 -0.500001 0.965925 -3.7058e-008 -0.258821 0.377821 0.833413 0.370008 0.833413 0.370008 0.791747
2 172 146 170 0.821267 -0.309683 -0.479183 0.965925 -3.7058e-008 -0.258821 0.917304 -0.309684 -0.250298 0.377821 0.833413 0.370008 0.791747 0.377821 0.791747
2 171 147 149 0.825618 -0.309683 0.471648 0.866025 -1.35879e-007 0.500001 0.707107 -1.23527e-008 0.707107 0.377821 0.666746 0.370008 0.666746 0.370008 0.62508
2 171 149 173 0.825618 -0.309683 0.471648 0.707107 -1.23527e-008 0.707107 0.675415 -0.309683 0.669262 0.377821 0.666746 0.370008 0.62508 0.377821 0.62508
2 174 150 148 0.669262 -0.309683 -0.675415 0.707107 -1.23527e-008 -0.707107 0.866025 1.72937e-007 -0.500001 0.377821 0.87508 0.370008 0.87508 0.370008 0.833413
2 174 148 172 0.669262 -0.309683 -0.675415 0.866025 1.72937e-007 -0.500001 0.821267 -0.309683 -0.479183 0.377821 0.87508 0.370008 0.833413 0.377821 0.833413
2 173 149 151 0.675415 -0.309683 0.669262 0.707107 -1.23527e-008 0.707107 0.500001 1.60584e-007 0.866025 0.377821 0.62508 0.370008 0.62508 0.370008 0.583413
2 173 151 175 0.675415 -0.309683 0.669262 0.500001 1.60584e-007 0.866025 0.479184 -0.309683 0.821267 0.377821 0.62508 0.370008 0.583413 0.377821 0.583413
2 176 152 150 0.471648 -0.309683 -0.825618 0.500001 -1.35879e-007 -0.866025 0.707107 -1.23527e-008 -0.707107 0.377821 0.916746 0.370008 0.916746 0.370008 0.87508
2 176 150 174 0.471648 -0.309683 -0.825618 0.707107 -1.23527e-008 -0.707107 0.669262 -0.309683 -0.675415 0.377821 0.916746 0.370008 0.87508 0.377821 0.87508
2 175 151 153 0.479184 -0.309683 0.821267 0.500001 1.60584e-007 0.866025 0.258821 -2.47053e-008 0.965925 0.377821 0.583413 0.370008 0.583413 0.370008 0.541747
2 175 153 177 0.479184 -0.309683 0.821267 0.258821 -2.47053e-008 0.965925 0.250298 -0.309684 0.917304 0.377821 0.583413 0.370008 0.541747 0.377821 0.541747
2 178 154 152 0.241892 -0.309684 -0.919556 0.258821 2.47053e-008 -0.965925 0.500001 -1.35879e-007 -0.866025 0.377821 0.958413 0.370008 0.958413 0.370008 0.916746
2 178 152 176 0.241892 -0.309684 -0.919556 0.500001 -1.35879e-007 -0.866025 0.471648 -0.309683 -0.825618 0.377821 0.958413 0.370008 0.916746 0.377821 0.916746
2 177 153 155 0.250298 -0.309684 0.917304 0.258821 -2.47053e-008 0.965925 -6.17632e-009 0 1 0.377821 0.541747 0.370008 0.541747 0.370008 0.50008
2 177 155 179 0.250298 -0.309684 0.917304 -6.17632e-009 0 1 0.00435073 -0.309683 0.95083 0.377821 0.541747 0.370008 0.50008 0.377821 0.50008
2 180 156 154 -0.00435073 -0.309683 -0.95083 -3.08816e-009 2.47053e-008 -1 0.258821 2.47053e-008 -0.965925 0.377821 1.00008 0.370008 1.00008 0.370008 0.958413
2 180 154 178 -0.00435073 -0.309683 -0.95083 0.258821 2.47053e-008 -0.965925 0.241892 -0.309684 -0.919556 0.377821 1.00008 0.370008 0.958413 0.377821 0.958413
2 179 155 157 0.00435073 -0.309683 0.95083 -6.17632e-009 0 1 -0.258821 0 0.965925 0.377821 0.50008 0.370008 0.50008 0.370008 0.458413
2 179 157 181 0.00435073 -0.309683 0.95083 -0.258821 0 0.965925 -0.241892 -0.309683 0.919557 0.377821 0.50008 0.370008 0.458413 0.377821 0.458413
2 182 158 156 -0.250298 -0.309683 -0.917304 -0.258821 -2.47053e-008 -0.965925 -3.08816e-009 2.47053e-008 -1 0.377821 0.0417466 0.370008 0.0417466 0.370008 7.98702e-005
2 182 156 180 -0.250298 -0.309683 -0.917304 -3.08816e-009 2.47053e-008 -1 -0.00435073 -0.309683 -0.95083 0.377821 0.0417466 0.370008 7.98702e-005 0.377821 7.98702e-005
2 181 157 159 -0.241892 -0.309683 0.919557 -0.258821 0 0.965925 -0.500001 -8.64684e-008 0.866025 0.377821 0.458413 0.370008 0.458413 0.370008 0.416746
2 181 159 183 -0.241892 -0.309683 0.919557 -0.500001 -8.64684e-008 0.866025 -0.471648 -0.309683 0.825618 0.377821 0.458413 0.370008 0.416746 0.377821 0.416746
2 184 160 158 -0.479183 -0.309683 -0.821267 -0.500001 1.23526e-007 -0.866025 -0.258821 -2.47053e-008 -0.965925 0.377821 0.0834133 0.370008 0.0834133 0.370008 0.0417466
2 184 158 182 -0.479183 -0.309683 -0.821267 -0.258821 -2.47053e-008 -0.965925 -0.250298 -0.309683 -0.917304 0.377821 0.0834133 0.370008 0.0417466 0.377821 0.0417466
2 183 159 161 -0.471648 -0.309683 0.825618 -0.500001 -8.64684e-008 0.866025 -0.707107 -1.23527e-008 0.707107 0.377821 0.416746 0.370008 0.416746 0.370008 0.37508
2 183 161 185 -0.471648 -0.309683 0.825618 -0.707107 -1.23527e-008 0.707107 -0.669262 -0.309683 0.675415 0.377821 0.416746 0.370008 0.37508 0.377821 0.37508
2 186 162 160 -0.675415 -0.309683 -0.669262 -0.707107 -1.23527e-008 -0.707107 -0.500001 1.23526e-007 -0.866025 0.377821 0.12508 0.370008 0.12508 0.370008 0.0834133
2 186 160 184 -0.675415 -0.309683 -0.669262 -0.500001 1.23526e-007 -0.866025 -0.479183 -0.309683 -0.821267 0.377821 0.12508 0.370008 0.0834133 0.377821 0.0834133
2 185 161 163 -0.669262 -0.309683 0.675415 -0.707107 -1.23527e-008 0.707107 -0.866025 1.60584e-007 0.500001 0.377821 0.37508 0.370008 0.37508 0.370008 0.333413
2 185 163 187 -0.669262 -0.309683 0.675415 -0.866025 1.60584e-007 0.500001 -0.821267 -0.309683 0.479184 0.377821 0.37508 0.370008 0.333413 0.377821 0.333413
2 188 164 162 -0.825618 -0.309683 -0.471648 -0.866025 -1.35879e-007 -0.500001 -0.707107 -1.23527e-008 -0.707107 0.377821 0.166746 0.370008 0.166746 0.370008 0.12508
2 188 162 186 -0.825618 -0.309683 -0.471648 -0.707107 -1.23527e-008 -0.707107 -0.675415 -0.309683 -0.669262 0.377821 0.166746 0.370008 0.12508 0.377821 0.12508
2 187 163 165 -0.821267 -0.309683 0.479184 -0.866025 1.60584e-007 0.500001 -0.965925 -2.47053e-008 0.258821 0.377821 0.333413 0.370008 0.333413 0.370008 0.291747
2 187 165 189 -0.821267 -0.309683 0.479184 -0.965925 -2.47053e-008 0.258821 -0.917304 -0.309684 0.250298 0.377821 0.333413 0.370008 0.291747 0.377821 0.291747
2 190 166 164 -0.919556 -0.309684 -0.241892 -0.965925 2.47053e-008 -0.258821 -0.866025 -1.35879e-007 -0.500001 0.377821 0.208413 0.370008 0.208413 0.370008 0.166746
2 190 164 188 -0.919556 -0.309684 -0.241892 -0.866025 -1.35879e-007 -0.500001 -0.825618 -0.309683 -0.471648 0.377821 0.208413 0.370008 0.166746 0.377821 0.166746
2 189 165 167 -0.917304 -0.309684 0.250298 -0.965925 -2.47053e-008 0.258821 -1 1.23526e-008 0 0.377821 0.291747 0.370008 0.291747 0.370008 0.25008
2 189 167 191 -0.917304 -0.309684 0.250298 -1 1.23526e-008 0 -0.95083 -0.309683 0.00435073 0.377821 0.291747 0.370008 0.25008 0.377821 0.25008
2 191 167 166 -0.95083 -0.309683 0.00435073 -1 1.23526e-008 0 -0.965925 2.47053e-008 -0.258821 0.377821 0.25008 0.370008 0.25008 0.370008 0.208413
2 191 166 190 -0.95083 -0.309683 0.00435073 -0.965925 2.47053e-008 -0.258821 -0.919556 -0.309684 -0.241892 0.377821 0.25008 0.370008 0.208413 0.377821 0.208413
2 0 168 169 0.947043 -0.318405 0.0415585 0.95083 -0.309683 -0.00435073 0.919557 -0.309684 0.241892 0.501634 0.75008 0.377821 0.75008 0.377821 0.708413
2 0 169 1 0.947043 -0.318405 0.0415585 0.919557 -0.309684 0.241892 0.791613 -0.557631 0.249793 0.501634 0.75008 0.377821 0.708413 0.501634 0.708413
2 2 170 168 0.687741 -0.7098 -0.152308 0.917304 -0.309684 -0.250298 0.95083 -0.309683 -0.00435073 0.501634 0.791747 0.377821 0.791747 0.377821 0.75008
2 2 168 0 0.687741 -0.7098 -0.152308 0.95083 -0.309683 -0.00435073 0.947043 -0.318405 0.0415585 0.501634 0.791747 0.377821 0.75008 0.501634 0.75008
2 1 169 171 0.791613 -0.557631 0.249793 0.919557 -0.309684 0.241892 0.825618 -0.309683 0.471648 0.501634 0.708413 0.377821 0.708413 0.377821 0.666746
2 1 171 6 0.791613 -0.557631 0.249793 0.825618 -0.309683 0.471648 0.594005 -0.709799 0.378607 0.501634 0.708413 0.377821 0.666746 0.501634 0.666746
2 8 172 170 0.624885 -0.709799 -0.325121 0.821267 -0.309683 -0.479183 0.917304 -0.309684 -0.250298 0.501634 0.833413 0.377821 0.833413 0.377821 0.791747
2 8 170 2 0.624885 -0.709799 -0.325121 0.917304 -0.309684 -0.250298 0.687741 -0.7098 -0.152308 0.501634 0.833413 0.377821 0.791747 0.501634 0.791747
2 6 171 173 0.594005 -0.709799 0.378607 0.825618 -0.309683 0.471648 0.675415 -0.309683 0.669262 0.501634 0.666746 0.377821 0.666746 0.377821 0.62508
2 6 173 10 0.594005 -0.709799 0.378607 0.675415 -0.309683 0.669262 0.475771 -0.7098 0.519448 0.501634 0.666746 0.377821 0.62508 0.501634 0.62508
2 12 174 172 0.519448 -0.7098 -0.475771 0.669262 -0.309683 -0.675415 0.821267 -0.309683 -0.479183 0.501634 0.87508 0.377821 0.87508 0.377821 0.833413
2 12 172 8 0.519448 -0.7098 -0.475771 0.821267 -0.309683 -0.479183 0.624885 -0.709799 -0.325121 0.501634 0.87508 0.377821 0.833413 0.501634 0.833413
2 10 173 175 0.475771 -0.7098 0.519448 0.675415 -0.309683 0.669262 0.479184 -0.309683 0.821267 0.501634 0.62508 0.377821 0.62508 0.377821 0.583413
2 10 175 14 0.475771 -0.7098 0.519448 0.479184 -0.309683 0.821267 0.325121 -0.709799 0.624885 0.501634 0.62508 0.377821 0.583413 0.501634 0.583413
2 16 176 174 0.378607 -0.709799 -0.594005 0.471648 -0.309683 -0.825618 0.669262 -0.309683 -0.675415 0.501634 0.916746 0.377821 0.916746 0.377821 0.87508
2 16 174 12 0.378607 -0.709799 -0.594005 0.669262 -0.309683 -0.675415 0.519448 -0.7098 -0.475771 0.501634 0.916746 0.377821 0.87508 0.501634 0.87508
2 14 175 177 0.325121 -0.709799 0.624885 0.479184 -0.309683 0.821267 0.250298 -0.309684 0.917304 0.501634 0.583413 0.377821 0.583413 0.377821 0.541747
2 14 177 18 0.325121 -0.709799 0.624885 0.250298 -0.309684 0.917304 0.152308 -0.7098 0.687741 0.501634 0.583413 0.377821 0.541747 0.501634 0.541747
2 20 178 176 0.211971 -0.7098 -0.671753 0.241892 -0.309684 -0.919556 0.471648 -0.309683 -0.825618 0.501634 0.958413 0.377821 0.958413 0.377821 0.916746
2 20 176 16 0.211971 -0.7098 -0.671753 0.471648 -0.309683 -0.825618 0.378607 -0.709799 -0.594005 0.501634 0.958413 0.377821 0.916746 0.501634 0.916746
2 18 177 179 0.152308 -0.7098 0.687741 0.250298 -0.309684 0.917304 0.00435073 -0.309683 0.95083 0.501634 0.541747 0.377821 0.541747 0.377821 0.50008
2 18 179 22 0.152308 -0.7098 0.687741 0.00435073 -0.309683 0.95083 -0.0308812 -0.709799 0.703727 0.501634 0.541747 0.377821 0.50008 0.501634 0.50008
2 24 180 178 0.0308812 -0.709799 -0.703727 -0.00435073 -0.309683 -0.95083 0.241892 -0.309684 -0.919556 0.501634 1.00008 0.377821 1.00008 0.377821 0.958413
2 24 178 20 0.0308812 -0.709799 -0.703727 0.241892 -0.309684 -0.919556 0.211971 -0.7098 -0.671753 0.501634 1.00008 0.377821 0.958413 0.501634 0.958413
2 22 179 181 -0.0308812 -0.709799 0.703727 0.00435073 -0.309683 0.95083 -0.241892 -0.309683 0.919557 0.501634 0.50008 0.377821 0.50008 0.377821 0.458413
2 22 181 26 -0.0308812 -0.709799 0.703727 -0.241892 -0.309683 0.919557 -0.211971 -0.7098 0.671753 0.501634 0.50008 0.377821 0.458413 0.501634 0.458413
2 28 182 180 -0.152308 -0.7098 -0.687741 -0.250298 -0.309683 -0.917304 -0.00435073 -0.309683 -0.95083 0.501634 0.0417466 0.377821 0.0417466 0.377821 7.98702e-005
2 28 180 24 -0.152308 -0.7098 -0.687741 -0.00435073 -0.309683 -0.95083 0.0308812 -0.709799 -0.703727 0.501634 0.0417466 0.377821 7.98702e-005 0.501634 7.98702e-005
2 26 181 183 -0.211971 -0.7098 0.671753 -0.241892 -0.309683 0.919557 -0.471648 -0.309683 0.825618 0.501634 0.458413 0.377821 0.458413 0.377821 0.416746
2 26 183 30 -0.211971 -0.7098 0.671753 -0.471648 -0.309683 0.825618 -0.378607 -0.709799 0.594005 0.501634 0.458413 0.377821 0.416746 0.501634 0.416746
2 32 184 182 -0.325121 -0.709799 -0.624885 -0.479183 -0.309683 -0.821267 -0.250298 -0.309683 -0.917304 0.501634 0.0834133 0.377821 0.0834133 0.377821 0.0417466
2 32 182 28 -0.325121 -0.709799 -0.624885 -0.250298 -0.309683 -0.917304 -0.152308 -0.7098 -0.687741 0.501634 0.0834133 0.377821 0.0417466 0.501634 0.0417466
2 30 183 185 -0.378607 -0.709799 0.594005 -0.471648 -0.309683 0.825618 -0.669262 -0.309683 0.675415 0.501634 0.416746 0.377821 0.416746 0.377821 0.37508
2 30 185 34 -0.378607 -0.709799 0.594005 -0.669262 -0.309683 0.675415 -0.519448 -0.7098 0.475771 0.501634 0.416746 0.377821 0.37508 0.501634 0.37508
2 36 186 184 -0.475771 -0.7098 -0.519448 -0.675415 -0.309683 -0.669262 -0.479183 -0.309683 -0.821267 0.501634 0.12508 0.377821 0.12508 0.377821 0.0834133
2 36 184 32 -0.475771 -0.7098 -0.519448 -0.479183 -0.309683 -0.821267 -0.325121 -0.709799 -0.624885 0.501634 0.12508 0.377821 0.0834133 0.501634 0.0834133
2 34 185 187 -0.519448 -0.7098 0.475771 -0.669262 -0.309683 0.675415 -0.821267 -0.309683 0.479184 0.501634 0.37508 0.377821 0.37508 0.377821 0.333413
2 34 187 38 -0.519448 -0.7098 0.475771 -0.821267 -0.309683 0.479184 -0.624885 -0.709799 0.325121 0.501634 0.37508 0.377821 0.333413 0.501634 0.333413
2 40 188 186 -0.594005 -0.709799 -0.378607 -0.825618 -0.309683 -0.471648 -0.675415 -0.309683 -0.669262 0.501634 0.166746 0.377821 0.166746 0.377821 0.12508
2 40 186 36 -0.594005 -0.709799 -0.378607 -0.675415 -0.309683 -0.669262 -0.475771 -0.7098 -0.519448 0.501634 0.166746 0.377821 0.12508 0.501634 0.12508
2 38 187 189 -0.624885 -0.709799 0.325121 -0.821267 -0.309683 0.479184 -0.917304 -0.309684 0.250298 0.501634 0.333413 0.377821 0.333413 0.377821 0.291747
2 38 189 42 -0.624885 -0.709799 0.325121 -0.917304 -0.309684 0.250298 -0.687741 -0.7098 0.152308 0.501634 0.333413 0.377821 0.291747 0.501634 0.291747
2 44 190 188 -0.791613 -0.557631 -0.249793 -0.919556 -0.309684 -0.241892 -0.825618 -0.309683 -0.471648 0.501634 0.208413 0.377821 0.208413 0.377821 0.166746
2 44 188 40 -0.791613 -0.557631 -0.249793 -0.825618 -0.309683 -0.471648 -0.594005 -0.709799 -0.378607 0.501634 0.208413 0.377821 0.166746 0.501634 0.166746
2 42 189 191 -0.687741 -0.7098 0.152308 -0.917304 -0.309684 0.250298 -0.95083 -0.309683 0.00435073 0.501634 0.291747 0.377821 0.291747 0.377821 0.25008
2 42 191 46 -0.687741 -0.7098 0.152308 -0.95083 -0.309683 0.00435073 -0.947043 -0.318405 -0.0415585 0.501634 0.291747 0.377821 0.25008 0.501634 0.25008
2 46 191 190 -0.947043 -0.318405 -0.0415585 -0.95083 -0.309683 0.00435073 -0.919556 -0.309684 -0.241892 0.501634 0.25008 0.377821 0.25008 0.377821 0.208413
2 46 190 44 -0.947043 -0.318405 -0.0415585 -0.919556 -0.309684 -0.241892 -0.791613 -0.557631 -0.249793 0.501634 0.25008 0.377821 0.208413 0.501634 0.208413
Cylinder06
16
14.971 48.7606 2.05241e-010
14.2276 48.7606 -1.7946
14.2276 48.7606 1.7946
12.433 48.7606 2.53795
12.433 48.7606 -2.53795
10.6384 48.7606 1.7946
10.6384 48.7606 -1.7946
9.89509 48.7606 2.05241e-010
14.971 41.8574 2.05241e-010
14.2276 41.8574 1.7946
12.433 41.8574 2.53795
10.6384 41.8574 1.7946
9.89509 41.8574 2.05241e-010
10.6384 41.8574 -1.7946
12.433 41.8574 -2.53795
14.2276 41.8574 -1.7946
22
2 0 1 2 0 1 0 0 1 0 0 1 0 0.714194 0.0761653 0.72461 0.101312 0.72461 0.0510188
2 2 1 3 0 1 0 0 1 0 0 1 0 0.72461 0.0510188 0.72461 0.101312 0.749756 0.0406028
2 1 4 3 0 1 0 0 1 0 0 1 0 0.72461 0.101312 0.749756 0.111728 0.749756 0.0406028
2 3 4 5 0 1 0 0 1 0 0 1 0 0.749756 0.0406028 0.749756 0.111728 0.774903 0.0510188
2 4 6 5 0 1 0 0 1 0 0 1 0 0.749756 0.111728 0.774903 0.101312 0.774903 0.0510188
2 5 6 7 0 1 0 0 1 0 0 1 0 0.774903 0.0510188 0.774903 0.101312 0.785319 0.0761653
1 8 0 9 1 0 0 1 0 0 0.707107 0 0.707107 0.842203 0.210799 0.842203 0.323963 0.871622 0.210799
1 0 2 9 1 0 0 0.707107 0 0.707107 0.707107 0 0.707107 0.842203 0.323963 0.871622 0.323963 0.871622 0.210799
1 9 2 3 0.707107 0 0.707107 0.707107 0 0.707107 -9.67734e-008 0 1 0.753955 0.323963 0.753955 0.210799 0.724536 0.210799
1 9 3 10 0.707107 0 0.707107 -9.67734e-008 0 1 -9.67734e-008 0 1 0.753955 0.323963 0.724536 0.210799 0.724536 0.323963
1 10 3 11 -9.67734e-008 0 1 -9.67734e-008 0 1 -0.707107 0 0.707107 0.724536 0.323963 0.724536 0.210799 0.695117 0.323963
1 3 5 11 -9.67734e-008 0 1 -0.707107 0 0.707107 -0.707107 0 0.707107 0.724536 0.210799 0.695071 0.210799 0.695117 0.323963
1 11 5 7 -0.707107 0 0.707107 -0.707107 0 0.707107 -1 0 0 0.812782 0.323963 0.812782 0.210799 0.783363 0.210799
1 11 7 12 -0.707107 0 0.707107 -1 0 0 -1 0 0 0.812782 0.323963 0.783363 0.210799 0.783363 0.323963
1 12 7 13 -1 0 0 -1 0 0 -0.707107 0 -0.707107 0.783363 0.323963 0.783363 0.210799 0.753945 0.323963
1 7 6 13 -1 0 0 -0.707107 0 -0.707107 -0.707107 0 -0.707107 0.783363 0.210799 0.753945 0.210799 0.753945 0.323963
1 13 6 4 -0.707107 0 -0.707107 -0.707107 0 -0.707107 -9.67734e-008 0 -1 0.636187 0.210799 0.636187 0.323963 0.665605 0.323963
1 13 4 14 -0.707107 0 -0.707107 -9.67734e-008 0 -1 -9.67734e-008 0 -1 0.636187 0.210799 0.665605 0.323963 0.665605 0.210799
1 14 4 15 -9.67734e-008 0 -1 -9.67734e-008 0 -1 0.707107 0 -0.707107 0.665605 0.210799 0.665605 0.323963 0.695071 0.210799
1 4 1 15 -9.67734e-008 0 -1 0.707107 0 -0.707107 0.707107 0 -0.707107 0.665605 0.323963 0.695024 0.323963 0.695071 0.210799
1 15 1 0 0.707107 0 -0.707107 0.707107 0 -0.707107 1 0 0 0.812785 0.210799 0.812785 0.323963 0.842203 0.323963
1 15 0 8 0.707107 0 -0.707107 1 0 0 1 0 0 0.812785 0.210799 0.842203 0.323963 0.842203 0.210799
