SimpleMeshFormat 1
1
white
110
0.85 1.95 0.015
0.85 0 0.015
0.85 1.95 0
0.85 0 0
0 1.95 0
0 0 0
0 1.95 0.015
0 0 0.015
0.84 1.94 0.04
0.84 0.01 0.04
0.84 1.94 0.015
0.84 0.01 0.015
0.01 1.94 0.015
0.01 0.01 0.015
0.01 1.94 0.04
0.01 0.01 0.04
0.796457 1.02 -0.0449367
0.796457 1.02 -0.035
0.796457 1.02 -0.00544304
0.805 1.02 -0.005
0.805 1.02 0
0.79452 1.01548 -0.0449367
0.79452 1.01548 -0.035
0.79452 1.01548 -0.00544304
0.8005 1.0095 -0.005
0.8005 1.0095 0
0.79 1.01354 -0.0449367
0.79 1.01354 -0.035
0.79 1.01354 -0.00544304
0.79 1.005 -0.005
0.79 1.005 0
0.78548 1.01548 -0.035
0.78548 1.01548 -0.00544304
0.7795 1.0095 -0.005
0.7795 1.0095 0
0.783543 1.02 -0.035
0.783543 1.02 -0.00544304
0.775 1.02 -0.005
0.775 1.02 0
0.78548 1.02452 -0.035
0.78548 1.02452 -0.00544304
0.7795 1.0305 -0.005
0.7795 1.0305 0
0.79 1.02646 -0.0449367
0.79 1.02646 -0.035
0.79 1.02646 -0.00544304
0.79 1.035 -0.005
0.79 1.035 0
0.79452 1.02452 -0.0449367
0.79452 1.02452 -0.035
0.79452 1.02452 -0.00544304
0.8005 1.0305 -0.005
0.8005 1.0305 0
0.688094 1.01354 -0.0449365
0.688094 1.01354 -0.035
0.683574 1.01548 -0.035
0.683574 1.01548 -0.0449365
0.681637 1.02 -0.0449365
0.681637 1.02 -0.035
0.683574 1.02452 -0.035
0.683574 1.02452 -0.0449365
0.688094 1.02646 -0.0449365
0.688094 1.02646 -0.035
0.796457 1.02 0.0848102
0.796457 1.02 0.0748734
0.796457 1.02 0.0453165
0.805 1.02 0.0448734
0.805 1.02 0.0398734
0.79452 1.01548 0.0848102
0.79452 1.01548 0.0748734
0.79452 1.01548 0.0453165
0.8005 1.0095 0.0448734
0.8005 1.0095 0.0398734
0.79 1.01354 0.0848102
0.79 1.01354 0.0748734
0.79 1.01354 0.0453165
0.79 1.005 0.0448734
0.79 1.005 0.0398734
0.78548 1.01548 0.0748734
0.78548 1.01548 0.0453165
0.7795 1.0095 0.0448734
0.7795 1.0095 0.0398734
0.783543 1.02 0.0748734
0.783543 1.02 0.0453165
0.775 1.02 0.0448734
0.775 1.02 0.0398734
0.78548 1.02452 0.0748734
0.78548 1.02452 0.0453165
0.7795 1.0305 0.0448734
0.7795 1.0305 0.0398734
0.79 1.02646 0.0848102
0.79 1.02646 0.0748734
0.79 1.02646 0.0453165
0.79 1.035 0.0448734
0.79 1.035 0.0398734
0.79452 1.02452 0.0848102
0.79452 1.02452 0.0748734
0.79452 1.02452 0.0453165
0.8005 1.0305 0.0448734
0.8005 1.0305 0.0398734
0.688094 1.01354 0.08481
0.688094 1.01354 0.0748734
0.683574 1.01548 0.0748734
0.683574 1.01548 0.08481
0.681637 1.02 0.08481
0.681637 1.02 0.0748734
0.683574 1.02452 0.0748734
0.683574 1.02452 0.08481
0.688094 1.02646 0.08481
0.688094 1.02646 0.0748734
202
1 0 1 2 1 0 0 1 0 0 1 0 0 0 0 0 1 1 0
1 1 3 2 1 0 0 1 0 0 1 0 0 0 1 1 1 1 0
2 2 3 4 0 0 -1 0 0 -1 0 0 -1 0 0 0 1 1 0
2 3 5 4 0 0 -1 0 0 -1 0 0 -1 0 1 1 1 1 0
1 4 5 6 -1 0 0 -1 0 0 -1 0 0 0 0 0 1 1 0
1 5 7 6 -1 0 0 -1 0 0 -1 0 0 0 1 1 1 1 0
2 6 7 0 0 0 1 0 0 1 0 0 1 0 0 0 1 1 0
2 7 1 0 0 0 1 0 0 1 0 0 1 0 1 1 1 1 0
3 6 0 4 0 1 0 0 1 0 0 1 0 0 0 0 1 1 0
3 0 2 4 0 1 0 0 1 0 0 1 0 0 1 1 1 1 0
3 1 7 3 0 -1 0 0 -1 0 0 -1 0 0 0 0 1 1 0
3 7 5 3 0 -1 0 0 -1 0 0 -1 0 0 1 1 1 1 0
1 8 9 10 1 0 0 1 0 0 1 0 0 0 0 0 1 1 0
1 9 11 10 1 0 0 1 0 0 1 0 0 0 1 1 1 1 0
1 12 13 14 -1 0 0 -1 0 0 -1 0 0 0 0 0 1 1 0
1 13 15 14 -1 0 0 -1 0 0 -1 0 0 0 1 1 1 1 0
2 14 15 8 0 0 1 0 0 1 0 0 1 0 0 0 1 1 0
2 15 9 8 0 0 1 0 0 1 0 0 1 0 1 1 1 1 0
3 14 8 12 0 1 0 0 1 0 0 1 0 0 0 0 1 1 0
3 8 10 12 0 1 0 0 1 0 0 1 0 0 1 1 1 1 0
3 9 15 11 0 -1 0 0 -1 0 0 -1 0 0 0 0 1 1 0
3 15 13 11 0 -1 0 0 -1 0 0 -1 0 0 1 1 1 1 0
2 16 21 48 0 0 -1 0 0 -1 0 0 -1 0 0 0 0 0 0
2 20 52 25 0 0 1 0 0 1 0 0 1 0 0 0 0 0 0
2 21 26 48 0 0 -1 2.61575e-006 -0.447214 -0.894427 0 0 -1 0 0 0 0 0 0
2 25 52 30 0 0 1 0 0 1 0 0 1 0 0 0 0 0 0
2 48 26 43 0 0 -1 2.61575e-006 -0.447214 -0.894427 4.1852e-006 0.894427 -0.447214 0 0 0 0 0 0
2 52 47 30 0 0 1 0 0 1 0 0 1 0 0 0 0 0 0
2 30 47 34 0 0 1 0 0 1 0 0 1 0 0 0 0 0 0
2 47 42 34 0 0 1 0 0 1 0 0 1 0 0 0 0 0 0
2 34 42 38 0 0 1 0 0 1 0 0 1 0 0 0 0 0 0
1 16 17 22 1 -9.53272e-006 0 1 -9.54082e-006 0 0.707101 -0.707112 0 0 1 0 0.75 0.125 0.75
1 16 22 21 1 -9.53272e-006 0 0.707101 -0.707112 0 0.707101 -0.707112 0 0 1 0.125 0.75 0.125 1
1 17 18 22 1 -9.54082e-006 0 0.697166 -6.47604e-006 -0.71691 0.707101 -0.707112 0 0 0.75 0 0.5 0.125 0.75
1 18 23 22 0.697166 -6.47604e-006 -0.71691 0.495524 -0.495531 -0.713376 0.707101 -0.707112 0 0 0.5 0.125 0.5 0.125 0.75
1 18 19 24 0.697166 -6.47604e-006 -0.71691 0.697169 -1.44446e-006 -0.716907 0.495526 -0.495526 -0.713378 0 0.5 0 0.25 0.125 0.25
1 18 24 23 0.697166 -6.47604e-006 -0.71691 0.495526 -0.495526 -0.713378 0.495524 -0.495531 -0.713376 0 0.5 0.125 0.25 0.125 0.5
1 19 20 24 0.697169 -1.44446e-006 -0.716907 1 -2.05892e-006 0 0.495526 -0.495526 -0.713378 0 0.25 0 0 0.125 0.25
1 20 25 24 1 -2.05892e-006 0 0.707107 -0.707107 0 0.495526 -0.495526 -0.713378 0 0 0.125 0 0.125 0.25
1 21 22 26 0.707101 -0.707112 0 0.707101 -0.707112 0 0.278549 -0.649931 -0.707107 0.125 1 0.125 0.75 0.25 1
1 22 27 26 0.707101 -0.707112 0 0.141423 -0.989949 0 0.278549 -0.649931 -0.707107 0.125 0.75 0.25 0.75 0.25 1
1 22 23 28 0.707101 -0.707112 0 0.495524 -0.495531 -0.713376 -3.26076e-006 -0.697166 -0.71691 0.125 0.75 0.125 0.5 0.25 0.5
1 22 28 27 0.707101 -0.707112 0 -3.26076e-006 -0.697166 -0.71691 0.141423 -0.989949 0 0.125 0.75 0.25 0.5 0.25 0.75
1 23 24 28 0.495524 -0.495531 -0.713376 0.495526 -0.495526 -0.713378 -3.26076e-006 -0.697166 -0.71691 0.125 0.5 0.125 0.25 0.25 0.5
1 24 29 28 0.495526 -0.495526 -0.713378 -1.45517e-006 -0.697168 -0.716908 -3.26076e-006 -0.697166 -0.71691 0.125 0.25 0.25 0.25 0.25 0.5
1 24 25 30 0.495526 -0.495526 -0.713378 0.707107 -0.707107 0 -2.05892e-006 -1 0 0.125 0.25 0.125 0 0.25 0
1 24 30 29 0.495526 -0.495526 -0.713378 -2.05892e-006 -1 0 -1.45517e-006 -0.697168 -0.716908 0.125 0.25 0.25 0 0.25 0.25
1 53 54 55 -0.21851 -0.509849 -0.83205 -0.393924 -0.919143 0 -0.707108 -0.707105 0 0.25 1 0.25 0.75 0.375 0.75
1 53 55 56 -0.21851 -0.509849 -0.83205 -0.707108 -0.707105 0 -0.481127 -0.481124 -0.732828 0.25 1 0.375 0.75 0.375 1
1 27 28 31 0.141423 -0.989949 0 -3.26076e-006 -0.697166 -0.71691 -0.707108 -0.707105 0 0.25 0.75 0.25 0.5 0.375 0.75
1 28 32 31 -3.26076e-006 -0.697166 -0.71691 -0.495529 -0.495526 -0.713376 -0.707108 -0.707105 0 0.25 0.5 0.375 0.5 0.375 0.75
1 28 29 33 -3.26076e-006 -0.697166 -0.71691 -1.45517e-006 -0.697168 -0.716908 -0.495526 -0.495526 -0.713378 0.25 0.5 0.25 0.25 0.375 0.25
1 28 33 32 -3.26076e-006 -0.697166 -0.71691 -0.495526 -0.495526 -0.713378 -0.495529 -0.495526 -0.713376 0.25 0.5 0.375 0.25 0.375 0.5
1 29 30 33 -1.45517e-006 -0.697168 -0.716908 -2.05892e-006 -1 0 -0.495526 -0.495526 -0.713378 0.25 0.25 0.25 0 0.375 0.25
1 30 34 33 -2.05892e-006 -1 0 -0.707107 -0.707107 0 -0.495526 -0.495526 -0.713378 0.25 0 0.375 0 0.375 0.25
1 56 55 57 -0.481127 -0.481124 -0.732828 -0.707108 -0.707105 0 -0.964944 0 -0.262457 0.375 1 0.375 0.75 0.5 1
1 55 58 57 -0.707108 -0.707105 0 -1 0 0 -0.964944 0 -0.262457 0.375 0.75 0.5 0.75 0.5 1
1 31 32 36 -0.707108 -0.707105 0 -0.495529 -0.495526 -0.713376 -0.697167 -6.4787e-006 -0.716909 0.375 0.75 0.375 0.5 0.5 0.5
1 31 36 35 -0.707108 -0.707105 0 -0.697167 -6.4787e-006 -0.716909 -1 -9.56509e-006 0 0.375 0.75 0.5 0.5 0.5 0.75
1 32 33 36 -0.495529 -0.495526 -0.713376 -0.495526 -0.495526 -0.713378 -0.697167 -6.4787e-006 -0.716909 0.375 0.5 0.375 0.25 0.5 0.5
1 33 37 36 -0.495526 -0.495526 -0.713378 -0.697168 -1.44447e-006 -0.716908 -0.697167 -6.4787e-006 -0.716909 0.375 0.25 0.5 0.25 0.5 0.5
1 33 34 38 -0.495526 -0.495526 -0.713378 -0.707107 -0.707107 0 -1 -2.05892e-006 0 0.375 0.25 0.375 0 0.5 0
1 33 38 37 -0.495526 -0.495526 -0.713378 -1 -2.05892e-006 0 -0.697168 -1.44447e-006 -0.716908 0.375 0.25 0.5 0 0.5 0.25
1 57 58 59 -0.964944 0 -0.262457 -1 0 0 -0.707108 0.707105 0 0.5 1 0.5 0.75 0.625 0.75
1 57 59 60 -0.964944 0 -0.262457 -0.707108 0.707105 0 -0.372163 0.372161 -0.850289 0.5 1 0.625 0.75 0.625 1
1 35 36 39 -1 -9.56509e-006 0 -0.697167 -6.4787e-006 -0.716909 -0.707107 0.707106 0 0.5 0.75 0.5 0.5 0.625 0.75
1 36 40 39 -0.697167 -6.4787e-006 -0.716909 -0.495526 0.495525 -0.713378 -0.707107 0.707106 0 0.5 0.5 0.625 0.5 0.625 0.75
1 36 37 41 -0.697167 -6.4787e-006 -0.716909 -0.697168 -1.44447e-006 -0.716908 -0.495524 0.495527 -0.713378 0.5 0.5 0.5 0.25 0.625 0.25
1 36 41 40 -0.697167 -6.4787e-006 -0.716909 -0.495524 0.495527 -0.713378 -0.495526 0.495525 -0.713378 0.5 0.5 0.625 0.25 0.625 0.5
1 37 38 41 -0.697168 -1.44447e-006 -0.716908 -1 -2.05892e-006 0 -0.495524 0.495527 -0.713378 0.5 0.25 0.5 0 0.625 0.25
1 38 42 41 -1 -2.05892e-006 0 -0.707105 0.707109 0 -0.495524 0.495527 -0.713378 0.5 0 0.625 0 0.625 0.25
1 60 59 61 -0.372163 0.372161 -0.850289 -0.707108 0.707105 0 -0.21851 0.509849 -0.83205 0.625 1 0.625 0.75 0.75 1
1 59 62 61 -0.707108 0.707105 0 -0.393924 0.919143 0 -0.21851 0.509849 -0.83205 0.625 0.75 0.75 0.75 0.75 1
1 39 40 45 -0.707107 0.707106 0 -0.495526 0.495525 -0.713378 -3.27345e-006 0.69717 -0.716906 0.625 0.75 0.625 0.5 0.75 0.5
1 39 45 44 -0.707107 0.707106 0 -3.27345e-006 0.69717 -0.716906 0.141414 0.989951 0 0.625 0.75 0.75 0.5 0.75 0.75
1 40 41 45 -0.495526 0.495525 -0.713378 -0.495524 0.495527 -0.713378 -3.27345e-006 0.69717 -0.716906 0.625 0.5 0.625 0.25 0.75 0.5
1 41 46 45 -0.495524 0.495527 -0.713378 -1.44446e-006 0.69717 -0.716906 -3.27345e-006 0.69717 -0.716906 0.625 0.25 0.75 0.25 0.75 0.5
1 41 42 47 -0.495524 0.495527 -0.713378 -0.707105 0.707109 0 -2.05892e-006 1 0 0.625 0.25 0.625 0 0.75 0
1 41 47 46 -0.495524 0.495527 -0.713378 -2.05892e-006 1 0 -1.44446e-006 0.69717 -0.716906 0.625 0.25 0.75 0 0.75 0.25
1 43 44 49 0.352322 0.822112 -0.447214 0.141414 0.989951 0 0.7071 0.707114 0 0.75 1 0.75 0.75 0.875 0.75
1 43 49 48 0.352322 0.822112 -0.447214 0.7071 0.707114 0 0.7071 0.707114 0 0.75 1 0.875 0.75 0.875 1
1 44 45 49 0.141414 0.989951 0 -3.27345e-006 0.69717 -0.716906 0.7071 0.707114 0 0.75 0.75 0.75 0.5 0.875 0.75
1 45 50 49 -3.27345e-006 0.69717 -0.716906 0.495521 0.495531 -0.713378 0.7071 0.707114 0 0.75 0.5 0.875 0.5 0.875 0.75
1 45 46 51 -3.27345e-006 0.69717 -0.716906 -1.44446e-006 0.69717 -0.716906 0.495524 0.495527 -0.713379 0.75 0.5 0.75 0.25 0.875 0.25
1 45 51 50 -3.27345e-006 0.69717 -0.716906 0.495524 0.495527 -0.713379 0.495521 0.495531 -0.713378 0.75 0.5 0.875 0.25 0.875 0.5
1 46 47 51 -1.44446e-006 0.69717 -0.716906 -2.05892e-006 1 0 0.495524 0.495527 -0.713379 0.75 0.25 0.75 0 0.875 0.25
1 47 52 51 -2.05892e-006 1 0 0.707105 0.707108 0 0.495524 0.495527 -0.713379 0.75 0 0.875 0 0.875 0.25
1 48 49 16 0.7071 0.707114 0 0.7071 0.707114 0 1 -9.53272e-006 0 0.875 1 0.875 0.75 1 1
1 49 17 16 0.7071 0.707114 0 1 -9.54082e-006 0 1 -9.53272e-006 0 0.875 0.75 1 0.75 1 1
1 49 50 18 0.7071 0.707114 0 0.495521 0.495531 -0.713378 0.697166 -6.47604e-006 -0.71691 0.875 0.75 0.875 0.5 1 0.5
1 49 18 17 0.7071 0.707114 0 0.697166 -6.47604e-006 -0.71691 1 -9.54082e-006 0 0.875 0.75 1 0.5 1 0.75
1 50 51 18 0.495521 0.495531 -0.713378 0.495524 0.495527 -0.713379 0.697166 -6.47604e-006 -0.71691 0.875 0.5 0.875 0.25 1 0.5
1 51 19 18 0.495524 0.495527 -0.713379 0.697169 -1.44446e-006 -0.716907 0.697166 -6.47604e-006 -0.71691 0.875 0.25 1 0.25 1 0.5
1 51 52 20 0.495524 0.495527 -0.713379 0.707105 0.707108 0 1 -2.05892e-006 0 0.875 0.25 0.875 0 1 0
1 51 20 19 0.495524 0.495527 -0.713379 1 -2.05892e-006 0 0.697169 -1.44446e-006 -0.716907 0.875 0.25 1 0 1 0.25
2 53 26 27 5.84899e-006 -1 0 2.61575e-006 -0.447214 -0.894427 5.2315e-006 -0.894427 0.447214 0 0 0 0 0 0
2 53 27 54 5.84899e-006 -1 0 5.2315e-006 -0.894427 0.447214 2.61575e-006 -0.447214 0.894427 0 0 0 0 0 0
2 54 27 31 2.61575e-006 -0.447214 0.894427 5.2315e-006 -0.894427 0.447214 0 0 1 0 0 0 0 0 0
2 54 31 55 2.61575e-006 -0.447214 0.894427 0 0 1 0 0 1 0 0 0 0 0 0
2 55 31 35 0 0 1 0 0 1 0 0 1 0 0 0 0 0 0
2 55 35 58 0 0 1 0 0 1 0 0 1 0 0 0 0 0 0
2 58 35 39 0 0 1 0 0 1 0 0 1 0 0 0 0 0 0
2 58 39 59 0 0 1 0 0 1 0 0 1 0 0 0 0 0 0
2 59 39 44 0 0 1 0 0 1 2.0926e-006 0.447214 0.894427 0 0 0 0 0 0
2 59 44 62 0 0 1 2.0926e-006 0.447214 0.894427 4.1852e-006 0.894427 0.447214 0 0 0 0 0 0
2 62 44 43 4.1852e-006 0.894427 0.447214 2.0926e-006 0.447214 0.894427 4.1852e-006 0.894427 -0.447214 0 0 0 0 0 0
2 62 43 61 4.1852e-006 0.894427 0.447214 4.1852e-006 0.894427 -0.447214 4.67919e-006 1 0 0 0 0 0 0 0
1 61 53 60 -0.21851 0.509849 -0.83205 -0.21851 -0.509849 -0.83205 -0.372163 0.372161 -0.850289 0 0 0 0 0 0
1 53 56 60 -0.21851 -0.509849 -0.83205 -0.481127 -0.481124 -0.732828 -0.372163 0.372161 -0.850289 0 0 0 0 0 0
1 56 57 60 -0.481127 -0.481124 -0.732828 -0.964944 0 -0.262457 -0.372163 0.372161 -0.850289 0 0 0 0 0 0
1 26 53 61 0.278549 -0.649931 -0.707107 -0.21851 -0.509849 -0.83205 -0.21851 0.509849 -0.83205 0 0 0 0 0 0
1 61 43 26 -0.21851 0.509849 -0.83205 0.352322 0.822112 -0.447214 0.278549 -0.649931 -0.707107 0 0 0 0 0 0
2 95 68 63 0 0 1 0 0 1 0 0 1 0 0 0 0 0 0
2 72 99 67 0 0 -1 0 0 -1 0 0 -1 0 0 0 0 0 0
2 95 73 68 0 0 1 2.61575e-006 -0.447214 0.894427 0 0 1 0 0 0 0 0 0
2 77 99 72 0 0 -1 0 0 -1 0 0 -1 0 0 0 0 0 0
2 90 73 95 4.1852e-006 0.894427 0.447214 2.61575e-006 -0.447214 0.894427 0 0 1 0 0 0 0 0 0
2 77 94 99 0 0 -1 0 0 -1 0 0 -1 0 0 0 0 0 0
2 81 94 77 0 0 -1 0 0 -1 0 0 -1 0 0 0 0 0 0
2 81 89 94 0 0 -1 0 0 -1 0 0 -1 0 0 0 0 0 0
2 85 89 81 0 0 -1 0 0 -1 0 0 -1 0 0 0 0 0 0
1 69 64 63 0.707101 -0.707112 0 1 -9.55703e-006 0 1 -9.54893e-006 0 0.125 0.75 0 0.75 0 1
1 68 69 63 0.707101 -0.707112 0 0.707101 -0.707112 0 1 -9.54893e-006 0 0.125 1 0.125 0.75 0 1
1 69 65 64 0.707101 -0.707112 0 0.697166 -6.48106e-006 0.71691 1 -9.55703e-006 0 0.125 0.75 0 0.5 0 0.75
1 69 70 65 0.707101 -0.707112 0 0.495524 -0.495532 0.713376 0.697166 -6.48106e-006 0.71691 0.125 0.75 0.125 0.5 0 0.5
1 71 66 65 0.495526 -0.495526 0.713378 0.697169 -1.44446e-006 0.716907 0.697166 -6.48106e-006 0.71691 0.125 0.25 0 0.25 0 0.5
1 70 71 65 0.495524 -0.495532 0.713376 0.495526 -0.495526 0.713378 0.697166 -6.48106e-006 0.71691 0.125 0.5 0.125 0.25 0 0.5
1 71 67 66 0.495526 -0.495526 0.713378 1 -2.04271e-006 0 0.697169 -1.44446e-006 0.716907 0.125 0.25 0 0 0 0.25
1 71 72 67 0.495526 -0.495526 0.713378 0.707107 -0.707107 0 1 -2.04271e-006 0 0.125 0.25 0.125 0 0 0
1 73 69 68 0.278549 -0.649931 0.707107 0.707101 -0.707112 0 0.707101 -0.707112 0 0.25 1 0.125 0.75 0.125 1
1 73 74 69 0.278549 -0.649931 0.707107 0.141423 -0.989949 0 0.707101 -0.707112 0 0.25 1 0.25 0.75 0.125 0.75
1 75 70 69 -3.27681e-006 -0.697166 0.71691 0.495524 -0.495532 0.713376 0.707101 -0.707112 0 0.25 0.5 0.125 0.5 0.125 0.75
1 74 75 69 0.141423 -0.989949 0 -3.27681e-006 -0.697166 0.71691 0.707101 -0.707112 0 0.25 0.75 0.25 0.5 0.125 0.75
1 75 71 70 -3.27681e-006 -0.697166 0.71691 0.495526 -0.495526 0.713378 0.495524 -0.495532 0.713376 0.25 0.5 0.125 0.25 0.125 0.5
1 75 76 71 -3.27681e-006 -0.697166 0.71691 -1.43377e-006 -0.697168 0.716908 0.495526 -0.495526 0.713378 0.25 0.5 0.25 0.25 0.125 0.25
1 77 72 71 -2.04271e-006 -1 0 0.707107 -0.707107 0 0.495526 -0.495526 0.713378 0.25 0 0.125 0 0.125 0.25
1 76 77 71 -1.43377e-006 -0.697168 0.716908 -2.04271e-006 -1 0 0.495526 -0.495526 0.713378 0.25 0.25 0.25 0 0.125 0.25
1 102 101 100 -0.707108 -0.707105 0 -0.393924 -0.919143 0 -0.21851 -0.509849 0.83205 0.375 0.75 0.25 0.75 0.25 1
1 103 102 100 -0.481127 -0.481124 0.732828 -0.707108 -0.707105 0 -0.21851 -0.509849 0.83205 0.375 1 0.375 0.75 0.25 1
1 78 75 74 -0.707108 -0.707105 0 -3.27681e-006 -0.697166 0.71691 0.141423 -0.989949 0 0.375 0.75 0.25 0.5 0.25 0.75
1 78 79 75 -0.707108 -0.707105 0 -0.495529 -0.495526 0.713376 -3.27681e-006 -0.697166 0.71691 0.375 0.75 0.375 0.5 0.25 0.5
1 80 76 75 -0.495526 -0.495526 0.713378 -1.43377e-006 -0.697168 0.716908 -3.27681e-006 -0.697166 0.71691 0.375 0.25 0.25 0.25 0.25 0.5
1 79 80 75 -0.495529 -0.495526 0.713376 -0.495526 -0.495526 0.713378 -3.27681e-006 -0.697166 0.71691 0.375 0.5 0.375 0.25 0.25 0.5
1 80 77 76 -0.495526 -0.495526 0.713378 -2.04271e-006 -1 0 -1.43377e-006 -0.697168 0.716908 0.375 0.25 0.25 0 0.25 0.25
1 80 81 77 -0.495526 -0.495526 0.713378 -0.707107 -0.707107 0 -2.04271e-006 -1 0 0.375 0.25 0.375 0 0.25 0
1 104 102 103 -0.964944 0 0.262457 -0.707108 -0.707105 0 -0.481127 -0.481124 0.732828 0.5 1 0.375 0.75 0.375 1
1 104 105 102 -0.964944 0 0.262457 -1 0 0 -0.707108 -0.707105 0 0.5 1 0.5 0.75 0.375 0.75
1 83 79 78 -0.697167 -6.47335e-006 0.716909 -0.495529 -0.495526 0.713376 -0.707108 -0.707105 0 0.5 0.5 0.375 0.5 0.375 0.75
1 82 83 78 -1 -9.56509e-006 0 -0.697167 -6.47335e-006 0.716909 -0.707108 -0.707105 0 0.5 0.75 0.5 0.5 0.375 0.75
1 83 80 79 -0.697167 -6.47335e-006 0.716909 -0.495526 -0.495526 0.713378 -0.495529 -0.495526 0.713376 0.5 0.5 0.375 0.25 0.375 0.5
1 83 84 80 -0.697167 -6.47335e-006 0.716909 -0.697168 -1.43377e-006 0.716908 -0.495526 -0.495526 0.713378 0.5 0.5 0.5 0.25 0.375 0.25
1 85 81 80 -1 -2.04271e-006 0 -0.707107 -0.707107 0 -0.495526 -0.495526 0.713378 0.5 0 0.375 0 0.375 0.25
1 84 85 80 -0.697168 -1.43377e-006 0.716908 -1 -2.04271e-006 0 -0.495526 -0.495526 0.713378 0.5 0.25 0.5 0 0.375 0.25
1 106 105 104 -0.707108 0.707105 0 -1 0 0 -0.964944 0 0.262457 0.625 0.75 0.5 0.75 0.5 1
1 107 106 104 -0.372163 0.372161 0.850289 -0.707108 0.707105 0 -0.964944 0 0.262457 0.625 1 0.625 0.75 0.5 1
1 86 83 82 -0.707107 0.707106 0 -0.697167 -6.47335e-006 0.716909 -1 -9.56509e-006 0 0.625 0.75 0.5 0.5 0.5 0.75
1 86 87 83 -0.707107 0.707106 0 -0.495526 0.495525 0.713378 -0.697167 -6.47335e-006 0.716909 0.625 0.75 0.625 0.5 0.5 0.5
1 88 84 83 -0.495524 0.495527 0.713378 -0.697168 -1.43377e-006 0.716908 -0.697167 -6.47335e-006 0.716909 0.625 0.25 0.5 0.25 0.5 0.5
1 87 88 83 -0.495526 0.495525 0.713378 -0.495524 0.495527 0.713378 -0.697167 -6.47335e-006 0.716909 0.625 0.5 0.625 0.25 0.5 0.5
1 88 85 84 -0.495524 0.495527 0.713378 -1 -2.04271e-006 0 -0.697168 -1.43377e-006 0.716908 0.625 0.25 0.5 0 0.5 0.25
1 88 89 85 -0.495524 0.495527 0.713378 -0.707105 0.707109 0 -1 -2.04271e-006 0 0.625 0.25 0.625 0 0.5 0
1 108 106 107 -0.218511 0.509849 0.83205 -0.707108 0.707105 0 -0.372163 0.372161 0.850289 0.75 1 0.625 0.75 0.625 1
1 108 109 106 -0.218511 0.509849 0.83205 -0.393924 0.919143 0 -0.707108 0.707105 0 0.75 1 0.75 0.75 0.625 0.75
1 92 87 86 -3.25639e-006 0.69717 0.716906 -0.495526 0.495525 0.713378 -0.707107 0.707106 0 0.75 0.5 0.625 0.5 0.625 0.75
1 91 92 86 0.141414 0.989951 0 -3.25639e-006 0.69717 0.716906 -0.707107 0.707106 0 0.75 0.75 0.75 0.5 0.625 0.75
1 92 88 87 -3.25639e-006 0.69717 0.716906 -0.495524 0.495527 0.713378 -0.495526 0.495525 0.713378 0.75 0.5 0.625 0.25 0.625 0.5
1 92 93 88 -3.25639e-006 0.69717 0.716906 -1.45516e-006 0.69717 0.716906 -0.495524 0.495527 0.713378 0.75 0.5 0.75 0.25 0.625 0.25
1 94 89 88 -2.05892e-006 1 0 -0.707105 0.707109 0 -0.495524 0.495527 0.713378 0.75 0 0.625 0 0.625 0.25
1 93 94 88 -1.45516e-006 0.69717 0.716906 -2.05892e-006 1 0 -0.495524 0.495527 0.713378 0.75 0.25 0.75 0 0.625 0.25
1 96 91 90 0.7071 0.707114 0 0.141414 0.989951 0 0.352322 0.822113 0.447214 0.875 0.75 0.75 0.75 0.75 1
1 95 96 90 0.7071 0.707114 0 0.7071 0.707114 0 0.352322 0.822113 0.447214 0.875 1 0.875 0.75 0.75 1
1 96 92 91 0.7071 0.707114 0 -3.25639e-006 0.69717 0.716906 0.141414 0.989951 0 0.875 0.75 0.75 0.5 0.75 0.75
1 96 97 92 0.7071 0.707114 0 0.495521 0.495531 0.713378 -3.25639e-006 0.69717 0.716906 0.875 0.75 0.875 0.5 0.75 0.5
1 98 93 92 0.495524 0.495527 0.713379 -1.45516e-006 0.69717 0.716906 -3.25639e-006 0.69717 0.716906 0.875 0.25 0.75 0.25 0.75 0.5
1 97 98 92 0.495521 0.495531 0.713378 0.495524 0.495527 0.713379 -3.25639e-006 0.69717 0.716906 0.875 0.5 0.875 0.25 0.75 0.5
1 98 94 93 0.495524 0.495527 0.713379 -2.05892e-006 1 0 -1.45516e-006 0.69717 0.716906 0.875 0.25 0.75 0 0.75 0.25
1 98 99 94 0.495524 0.495527 0.713379 0.707105 0.707108 0 -2.05892e-006 1 0 0.875 0.25 0.875 0 0.75 0
1 63 96 95 1 -9.54893e-006 0 0.7071 0.707114 0 0.7071 0.707114 0 1 1 0.875 0.75 0.875 1
1 63 64 96 1 -9.54893e-006 0 1 -9.55703e-006 0 0.7071 0.707114 0 1 1 1 0.75 0.875 0.75
1 65 97 96 0.697166 -6.48106e-006 0.71691 0.495521 0.495531 0.713378 0.7071 0.707114 0 1 0.5 0.875 0.5 0.875 0.75
1 64 65 96 1 -9.55703e-006 0 0.697166 -6.48106e-006 0.71691 0.7071 0.707114 0 1 0.75 1 0.5 0.875 0.75
1 65 98 97 0.697166 -6.48106e-006 0.71691 0.495524 0.495527 0.713379 0.495521 0.495531 0.713378 1 0.5 0.875 0.25 0.875 0.5
1 65 66 98 0.697166 -6.48106e-006 0.71691 0.697169 -1.44446e-006 0.716907 0.495524 0.495527 0.713379 1 0.5 1 0.25 0.875 0.25
1 67 99 98 1 -2.04271e-006 0 0.707105 0.707108 0 0.495524 0.495527 0.713379 1 0 0.875 0 0.875 0.25
1 66 67 98 0.697169 -1.44446e-006 0.716907 1 -2.04271e-006 0 0.495524 0.495527 0.713379 1 0.25 1 0 0.875 0.25
2 74 73 100 5.2315e-006 -0.894427 -0.447214 2.61575e-006 -0.447214 0.894427 5.84899e-006 -1 0 0 0 0 0 0 0
2 101 74 100 2.61575e-006 -0.447214 -0.894427 5.2315e-006 -0.894427 -0.447214 5.84899e-006 -1 0 0 0 0 0 0 0
2 78 74 101 0 0 -1 5.2315e-006 -0.894427 -0.447214 2.61575e-006 -0.447214 -0.894427 0 0 0 0 0 0
2 102 78 101 0 0 -1 0 0 -1 2.61575e-006 -0.447214 -0.894427 0 0 0 0 0 0
2 82 78 102 0 0 -1 0 0 -1 0 0 -1 0 0 0 0 0 0
2 105 82 102 0 0 -1 0 0 -1 0 0 -1 0 0 0 0 0 0
2 86 82 105 0 0 -1 0 0 -1 0 0 -1 0 0 0 0 0 0
2 106 86 105 0 0 -1 0 0 -1 0 0 -1 0 0 0 0 0 0
2 91 86 106 2.0926e-006 0.447214 -0.894427 0 0 -1 0 0 -1 0 0 0 0 0 0
2 109 91 106 4.1852e-006 0.894427 -0.447214 2.0926e-006 0.447214 -0.894427 0 0 -1 0 0 0 0 0 0
2 90 91 109 4.1852e-006 0.894427 0.447214 2.0926e-006 0.447214 -0.894427 4.1852e-006 0.894427 -0.447214 0 0 0 0 0 0
2 108 90 109 4.67919e-006 1 0 4.1852e-006 0.894427 0.447214 4.1852e-006 0.894427 -0.447214 0 0 0 0 0 0
1 107 100 108 -0.372163 0.372161 0.850289 -0.21851 -0.509849 0.83205 -0.218511 0.509849 0.83205 0 0 0 0 0 0
1 107 103 100 -0.372163 0.372161 0.850289 -0.481127 -0.481124 0.732828 -0.21851 -0.509849 0.83205 0 0 0 0 0 0
1 107 104 103 -0.372163 0.372161 0.850289 -0.964944 0 0.262457 -0.481127 -0.481124 0.732828 0 0 0 0 0 0
1 108 100 73 -0.218511 0.509849 0.83205 -0.21851 -0.509849 0.83205 0.278549 -0.649931 0.707107 0 0 0 0 0 0
1 73 90 108 0.278549 -0.649931 0.707107 0.352322 0.822113 0.447214 -0.218511 0.509849 0.83205 0 0 0 0 0 0
