SimpleMeshFormat 1
1
white
46
0.5 71.25 0
-1.75 70.25 0
-0.25 64 0
6.25 64.5 0
4.75 69.75 0
2.5 59.75 0
3.75 60 0
-4.5 55.75 0
12.25 55 0
-11 52.75 0
-15 36.25 0
-10.5 34 0
-4.75 46.75 0
-5.75 30.75 0
6.75 31 0
6.5 47 0
12 33.75 0
16.75 36.5 0
0 23 0
-13.25 0.75 0
-7 0.25 0
3.25 0.5 0
11.5 1.5 0
-1.75 70.25 5.75
-0.25 64 5.75
0.5 71.25 5.75
6.25 64.5 5.75
4.75 69.75 5.75
2.5 59.75 5.75
3.75 60 5.75
-4.5 55.75 5.75
-4.75 46.75 5.75
6.5 47 5.75
12.25 55 5.75
-11 52.75 5.75
-15 36.25 5.75
-10.5 34 5.75
12 33.75 5.75
16.75 36.5 5.75
-5.75 30.75 5.75
6.75 31 5.75
0 23 5.75
-13.25 0.75 5.75
-7 0.25 5.75
3.25 0.5 5.75
11.5 1.5 5.75
67
1 23 24 25 0 0 1 0 0 1 0 0 1 0 0 0 0 0 0
1 24 26 27 0 0 1 0 0 1 0 0 1 0 0 0 0 0 0
1 25 24 27 0 0 1 0 0 1 0 0 1 0 0 0 0 0 0
1 24 28 29 0 0 1 0 0 1 0 0 1 0 0 0 0 0 0
1 29 26 24 0 0 1 0 0 1 0 0 1 0 0 0 0 0 0
1 28 30 31 0 0 1 0 0 1 0 0 1 0 0 0 0 0 0
1 31 32 28 0 0 1 0 0 1 0 0 1 0 0 0 0 0 0
1 29 28 32 0 0 1 0 0 1 0 0 1 0 0 0 0 0 0
1 32 33 29 0 0 1 0 0 1 0 0 1 0 0 0 0 0 0
1 30 34 31 0 0 1 0 0 1 0 0 1 0 0 0 0 0 0
1 34 35 36 0 0 1 0 0 1 0 0 1 0 0 0 0 0 0
1 36 31 34 0 0 1 0 0 1 0 0 1 0 0 0 0 0 0
1 32 37 38 0 0 1 0 0 1 0 0 1 0 0 0 0 0 0
1 38 33 32 0 0 1 0 0 1 0 0 1 0 0 0 0 0 0
1 31 39 40 0 0 1 0 0 1 0 0 1 0 0 0 0 0 0
1 40 32 31 0 0 1 0 0 1 0 0 1 0 0 0 0 0 0
1 39 41 40 0 0 1 0 0 1 0 0 1 0 0 0 0 0 0
1 39 42 43 0 0 1 0 0 1 0 0 1 0 0 0 0 0 0
1 43 41 39 0 0 1 0 0 1 0 0 1 0 0 0 0 0 0
1 41 44 45 0 0 1 0 0 1 0 0 1 0 0 0 0 0 0
1 45 40 41 0 0 1 0 0 1 0 0 1 0 0 0 0 0 0
2 23 1 2 -0.982394 0.186819 0 -0.745772 0.666202 0 -0.940063 -0.341 0 0 0 0 0 0 0
2 23 2 24 -0.982394 0.186819 0 -0.940063 -0.341 0 -0.895221 -0.445622 0 0 0 0 0 0 0
2 25 0 1 -0.170516 0.985355 0 0.0922905 0.995732 0 -0.745772 0.666202 0 0 0 0 0 0 0
2 25 1 23 -0.170516 0.985355 0 -0.745772 0.666202 0 -0.982394 0.186819 0 0 0 0 0 0 0
2 26 3 4 0.99974 0.0228023 0 0.968515 -0.248957 0 0.834004 0.551759 0 0 0 0 0 0 0
2 26 4 27 0.99974 0.0228023 0 0.834004 0.551759 0 0.601569 0.79882 0 0 0 0 0 0 0
2 27 4 0 0.601569 0.79882 0 0.834004 0.551759 0 0.0922905 0.995732 0 0 0 0 0 0 0
2 27 0 25 0.601569 0.79882 0 0.0922905 0.995732 0 -0.170516 0.985355 0 0 0 0 0 0 0
2 24 2 5 -0.895221 -0.445622 0 -0.940063 -0.341 0 -0.995004 -0.099835 0 0 0 0 0 0 0
2 24 5 28 -0.895221 -0.445622 0 -0.995004 -0.099835 0 -0.837914 0.545803 0 0 0 0 0 0 0
2 29 6 3 0.998827 -0.0484289 0 0.836232 0.548377 0 0.968515 -0.248957 0 0 0 0 0 0 0
2 29 3 26 0.998827 -0.0484289 0 0.968515 -0.248957 0 0.99974 0.0228023 0 0 0 0 0 0 0
2 28 5 7 -0.837914 0.545803 0 -0.995004 -0.099835 0 -0.470839 0.882219 0 0 0 0 0 0 0
2 28 7 30 -0.837914 0.545803 0 -0.470839 0.882219 0 -0.445124 0.895469 0 0 0 0 0 0 0
2 33 8 6 0.711659 0.702525 0 0.878185 0.478322 0 0.836232 0.548377 0 0 0 0 0 0 0
2 33 6 29 0.711659 0.702525 0 0.836232 0.548377 0 0.998827 -0.0484289 0 0 0 0 0 0 0
2 30 7 9 -0.445124 0.895469 0 -0.470839 0.882219 0 -0.661581 0.749874 0 0 0 0 0 0 0
2 30 9 34 -0.445124 0.895469 0 -0.661581 0.749874 0 -0.863638 0.504112 0 0 0 0 0 0 0
2 34 9 10 -0.863638 0.504112 0 -0.661581 0.749874 0 -0.984692 -0.174305 0 0 0 0 0 0 0
2 34 10 35 -0.863638 0.504112 0 -0.984692 -0.174305 0 -0.768622 -0.639704 0 0 0 0 0 0 0
2 35 10 11 -0.768622 -0.639704 0 -0.984692 -0.174305 0 0.00779971 -0.99997 0 0 0 0 0 0 0
2 35 11 36 -0.768622 -0.639704 0 0.00779971 -0.99997 0 0.625428 -0.780282 0 0 0 0 0 0 0
2 36 11 12 0.625428 -0.780282 0 0.00779971 -0.99997 0 0.735608 -0.677407 0 0 0 0 0 0 0
2 36 12 31 0.625428 -0.780282 0 0.735608 -0.677407 0 -0.966865 -0.255287 0 0 0 0 0 0 0
2 32 15 16 -0.748298 -0.663363 0 0.950415 -0.310985 0 -0.63627 -0.771467 0 0 0 0 0 0 0
2 32 16 37 -0.748298 -0.663363 0 -0.63627 -0.771467 0 0.0370948 -0.999312 0 0 0 0 0 0 0
2 37 16 17 0.0370948 -0.999312 0 -0.63627 -0.771467 0 0.797239 -0.603664 0 0 0 0 0 0 0
2 37 17 38 0.0370948 -0.999312 0 0.797239 -0.603664 0 0.987338 -0.15863 0 0 0 0 0 0 0
2 38 17 8 0.987338 -0.15863 0 0.797239 -0.603664 0 0.878185 0.478322 0 0 0 0 0 0 0
2 38 8 33 0.987338 -0.15863 0 0.878185 0.478322 0 0.711659 0.702525 0 0 0 0 0 0 0
2 31 12 13 -0.966865 -0.255287 0 0.735608 -0.677407 0 -0.992421 0.122885 0 0 0 0 0 0 0
2 31 13 39 -0.966865 -0.255287 0 -0.992421 0.122885 0 -0.983083 0.183161 0 0 0 0 0 0 0
2 40 14 15 0.997979 0.0635516 0 0.993771 0.111444 0 0.950415 -0.310985 0 0 0 0 0 0 0
2 40 15 32 0.997979 0.0635516 0 0.950415 -0.310985 0 -0.748298 -0.663363 0 0 0 0 0 0 0
2 39 13 19 -0.983083 0.183161 0 -0.992421 0.122885 0 -0.969377 -0.245577 0 0 0 0 0 0 0
2 39 19 42 -0.983083 0.183161 0 -0.969377 -0.245577 0 -0.542091 -0.84032 0 0 0 0 0 0 0
2 42 19 20 -0.542091 -0.84032 0 -0.969377 -0.245577 0 0.328727 -0.944425 0 0 0 0 0 0 0
2 42 20 43 -0.542091 -0.84032 0 0.328727 -0.944425 0 0.756217 -0.654321 0 0 0 0 0 0 0
2 43 20 18 0.756217 -0.654321 0 0.328727 -0.944425 0 0.783487 -0.621408 0 0 0 0 0 0 0
2 43 18 41 0.756217 -0.654321 0 0.783487 -0.621408 0 -0.87005 -0.492963 0 0 0 0 0 0 0
2 41 18 21 -0.87005 -0.492963 0 0.783487 -0.621408 0 -0.823937 -0.566681 0 0 0 0 0 0 0
2 41 21 44 -0.87005 -0.492963 0 -0.823937 -0.566681 0 -0.331975 -0.943288 0 0 0 0 0 0 0
2 44 21 22 -0.331975 -0.943288 0 -0.823937 -0.566681 0 0.55793 -0.829888 0 0 0 0 0 0 0
2 44 22 45 -0.331975 -0.943288 0 0.55793 -0.829888 0 0.951838 -0.3066 0 0 0 0 0 0 0
2 45 22 14 0.951838 -0.3066 0 0.55793 -0.829888 0 0.993771 0.111444 0 0 0 0 0 0 0
2 45 14 40 0.951838 -0.3066 0 0.993771 0.111444 0 0.997979 0.0635516 0 0 0 0 0 0 0
