SimpleMeshFormat 1
1
white
42
-0.0503022 -0.00323497 0.0836706
0.00140909 -0.00323497 0.0983607
-0.028986 0.0459454 0.0795754
0.00140909 0.0804356 0.0517113
0.0318042 0.0459454 0.0795754
0.0531203 -0.00323497 0.0836706
-0.0781664 0.0271601 0.0491803
-0.0822615 0.0484763 0
-0.0477712 0.0763405 0.0303951
-0.0477712 0.0763405 -0.0303951
0.00140909 0.0804356 -0.0517113
0.00140909 0.0951257 0
0.0505894 0.0763405 0.0303951
0.0505894 0.0763405 -0.0303951
0.0850797 0.0484763 0
0.0809845 0.0271601 0.0491803
0.0997697 -0.00323497 0
0.0850797 -0.0549462 0
0.0809845 -0.0336301 0.0491803
0.0809845 0.0271601 -0.0491803
0.0531203 -0.00323497 -0.0836706
0.0809845 -0.0336301 -0.0491803
0.0318042 0.0459454 -0.0795754
-0.028986 0.0459454 -0.0795754
-0.0503022 -0.00323497 -0.0836706
0.00140909 -0.00323497 -0.0983607
-0.028986 -0.0524153 -0.0795754
0.00140909 -0.0869055 -0.0517113
0.0318042 -0.0524153 -0.0795754
0.0505894 -0.0828104 -0.0303951
0.00140909 -0.101596 0
0.00140909 -0.0869055 0.0517113
0.0505894 -0.0828104 0.0303951
-0.0477712 -0.0828104 -0.0303951
-0.0822615 -0.0549462 0
-0.0477712 -0.0828104 0.0303951
-0.0781664 -0.0336301 0.0491803
-0.028986 -0.0524153 0.0795754
0.0318042 -0.0524153 0.0795754
-0.0969516 -0.00323497 0
-0.0781664 0.0271601 -0.0491803
-0.0781664 -0.0336301 -0.0491803
80
1 0 1 2 -0.525731 0 0.850651 0 0 1 -0.309017 0.5 0.809017 0 0 0 0 0 0
1 3 2 4 0 0.850651 0.525731 -0.309017 0.5 0.809017 0.309017 0.5 0.809017 0 0 0 0 0 0
1 5 4 1 0.525731 0 0.850651 0.309017 0.5 0.809017 0 0 1 0 0 0 0 0 0
1 2 1 4 -0.309017 0.5 0.809017 0 0 1 0.309017 0.5 0.809017 0 0 0 0 0 0
1 0 2 6 -0.525731 0 0.850651 -0.309017 0.5 0.809017 -0.809017 0.309017 0.5 0 0 0 0 0 0
1 7 6 8 -0.850651 0.525731 0 -0.809017 0.309017 0.5 -0.5 0.809017 0.309017 0 0 0 0 0 0
1 3 8 2 0 0.850651 0.525731 -0.5 0.809017 0.309017 -0.309017 0.5 0.809017 0 0 0 0 0 0
1 6 2 8 -0.809017 0.309017 0.5 -0.309017 0.5 0.809017 -0.5 0.809017 0.309017 0 0 0 0 0 0
1 7 8 9 -0.850651 0.525731 0 -0.5 0.809017 0.309017 -0.5 0.809017 -0.309017 0 0 0 0 0 0
1 10 9 11 0 0.850651 -0.525731 -0.5 0.809017 -0.309017 0 1 0 0 0 0 0 0 0
1 3 11 8 0 0.850651 0.525731 0 1 0 -0.5 0.809017 0.309017 0 0 0 0 0 0
1 9 8 11 -0.5 0.809017 -0.309017 -0.5 0.809017 0.309017 0 1 0 0 0 0 0 0 0
1 3 12 11 0 0.850651 0.525731 0.5 0.809017 0.309017 0 1 0 0 0 0 0 0 0
1 10 11 13 0 0.850651 -0.525731 0 1 0 0.5 0.809017 -0.309017 0 0 0 0 0 0
1 14 13 12 0.850651 0.525731 0 0.5 0.809017 -0.309017 0.5 0.809017 0.309017 0 0 0 0 0 0
1 11 12 13 0 1 0 0.5 0.809017 0.309017 0.5 0.809017 -0.309017 0 0 0 0 0 0
1 3 4 12 0 0.850651 0.525731 0.309017 0.5 0.809017 0.5 0.809017 0.309017 0 0 0 0 0 0
1 14 12 15 0.850651 0.525731 0 0.5 0.809017 0.309017 0.809017 0.309017 0.5 0 0 0 0 0 0
1 5 15 4 0.525731 0 0.850651 0.809017 0.309017 0.5 0.309017 0.5 0.809017 0 0 0 0 0 0
1 12 4 15 0.5 0.809017 0.309017 0.309017 0.5 0.809017 0.809017 0.309017 0.5 0 0 0 0 0 0
1 14 15 16 0.850651 0.525731 0 0.809017 0.309017 0.5 1 0 0 0 0 0 0 0 0
1 17 16 18 0.850651 -0.525731 0 1 0 0 0.809017 -0.309017 0.5 0 0 0 0 0 0
1 5 18 15 0.525731 0 0.850651 0.809017 -0.309017 0.5 0.809017 0.309017 0.5 0 0 0 0 0 0
1 16 15 18 1 0 0 0.809017 0.309017 0.5 0.809017 -0.309017 0.5 0 0 0 0 0 0
1 14 16 19 0.850651 0.525731 0 1 0 0 0.809017 0.309017 -0.5 0 0 0 0 0 0
1 20 19 21 0.525731 0 -0.850651 0.809017 0.309017 -0.5 0.809017 -0.309017 -0.5 0 0 0 0 0 0
1 17 21 16 0.850651 -0.525731 0 0.809017 -0.309017 -0.5 1 0 0 0 0 0 0 0 0
1 19 16 21 0.809017 0.309017 -0.5 1 0 0 0.809017 -0.309017 -0.5 0 0 0 0 0 0
1 10 13 22 0 0.850651 -0.525731 0.5 0.809017 -0.309017 0.309017 0.5 -0.809017 0 0 0 0 0 0
1 20 22 19 0.525731 0 -0.850651 0.309017 0.5 -0.809017 0.809017 0.309017 -0.5 0 0 0 0 0 0
1 14 19 13 0.850651 0.525731 0 0.809017 0.309017 -0.5 0.5 0.809017 -0.309017 0 0 0 0 0 0
1 22 13 19 0.309017 0.5 -0.809017 0.5 0.809017 -0.309017 0.809017 0.309017 -0.5 0 0 0 0 0 0
1 10 22 23 0 0.850651 -0.525731 0.309017 0.5 -0.809017 -0.309017 0.5 -0.809017 0 0 0 0 0 0
1 24 23 25 -0.525731 0 -0.850651 -0.309017 0.5 -0.809017 0 0 -1 0 0 0 0 0 0
1 20 25 22 0.525731 0 -0.850651 0 0 -1 0.309017 0.5 -0.809017 0 0 0 0 0 0
1 23 22 25 -0.309017 0.5 -0.809017 0.309017 0.5 -0.809017 0 0 -1 0 0 0 0 0 0
1 24 25 26 -0.525731 0 -0.850651 0 0 -1 -0.309017 -0.5 -0.809017 0 0 0 0 0 0
1 27 26 28 0 -0.850651 -0.525731 -0.309017 -0.5 -0.809017 0.309017 -0.5 -0.809017 0 0 0 0 0 0
1 20 28 25 0.525731 0 -0.850651 0.309017 -0.5 -0.809017 0 0 -1 0 0 0 0 0 0
1 26 25 28 -0.309017 -0.5 -0.809017 0 0 -1 0.309017 -0.5 -0.809017 0 0 0 0 0 0
1 27 28 29 0 -0.850651 -0.525731 0.309017 -0.5 -0.809017 0.5 -0.809017 -0.309017 0 0 0 0 0 0
1 17 29 21 0.850651 -0.525731 0 0.5 -0.809017 -0.309017 0.809017 -0.309017 -0.5 0 0 0 0 0 0
1 20 21 28 0.525731 0 -0.850651 0.809017 -0.309017 -0.5 0.309017 -0.5 -0.809017 0 0 0 0 0 0
1 29 28 21 0.5 -0.809017 -0.309017 0.309017 -0.5 -0.809017 0.809017 -0.309017 -0.5 0 0 0 0 0 0
1 27 29 30 0 -0.850651 -0.525731 0.5 -0.809017 -0.309017 0 -1 0 0 0 0 0 0 0
1 31 30 32 0 -0.850651 0.525731 0 -1 0 0.5 -0.809017 0.309017 0 0 0 0 0 0
1 17 32 29 0.850651 -0.525731 0 0.5 -0.809017 0.309017 0.5 -0.809017 -0.309017 0 0 0 0 0 0
1 30 29 32 0 -1 0 0.5 -0.809017 -0.309017 0.5 -0.809017 0.309017 0 0 0 0 0 0
1 27 30 33 0 -0.850651 -0.525731 0 -1 0 -0.5 -0.809017 -0.309017 0 0 0 0 0 0
1 34 33 35 -0.850651 -0.525731 0 -0.5 -0.809017 -0.309017 -0.5 -0.809017 0.309017 0 0 0 0 0 0
1 31 35 30 0 -0.850651 0.525731 -0.5 -0.809017 0.309017 0 -1 0 0 0 0 0 0 0
1 33 30 35 -0.5 -0.809017 -0.309017 0 -1 0 -0.5 -0.809017 0.309017 0 0 0 0 0 0
1 34 35 36 -0.850651 -0.525731 0 -0.5 -0.809017 0.309017 -0.809017 -0.309017 0.5 0 0 0 0 0 0
1 0 36 37 -0.525731 0 0.850651 -0.809017 -0.309017 0.5 -0.309017 -0.5 0.809017 0 0 0 0 0 0
1 31 37 35 0 -0.850651 0.525731 -0.309017 -0.5 0.809017 -0.5 -0.809017 0.309017 0 0 0 0 0 0
1 36 35 37 -0.809017 -0.309017 0.5 -0.5 -0.809017 0.309017 -0.309017 -0.5 0.809017 0 0 0 0 0 0
1 0 37 1 -0.525731 0 0.850651 -0.309017 -0.5 0.809017 0 0 1 0 0 0 0 0 0
1 5 1 38 0.525731 0 0.850651 0 0 1 0.309017 -0.5 0.809017 0 0 0 0 0 0
1 31 38 37 0 -0.850651 0.525731 0.309017 -0.5 0.809017 -0.309017 -0.5 0.809017 0 0 0 0 0 0
1 1 37 38 0 0 1 -0.309017 -0.5 0.809017 0.309017 -0.5 0.809017 0 0 0 0 0 0
1 31 32 38 0 -0.850651 0.525731 0.5 -0.809017 0.309017 0.309017 -0.5 0.809017 0 0 0 0 0 0
1 5 38 18 0.525731 0 0.850651 0.309017 -0.5 0.809017 0.809017 -0.309017 0.5 0 0 0 0 0 0
1 17 18 32 0.850651 -0.525731 0 0.809017 -0.309017 0.5 0.5 -0.809017 0.309017 0 0 0 0 0 0
1 38 32 18 0.309017 -0.5 0.809017 0.5 -0.809017 0.309017 0.809017 -0.309017 0.5 0 0 0 0 0 0
1 7 39 6 -0.850651 0.525731 0 -1 0 0 -0.809017 0.309017 0.5 0 0 0 0 0 0
1 0 6 36 -0.525731 0 0.850651 -0.809017 0.309017 0.5 -0.809017 -0.309017 0.5 0 0 0 0 0 0
1 34 36 39 -0.850651 -0.525731 0 -0.809017 -0.309017 0.5 -1 0 0 0 0 0 0 0 0
1 6 39 36 -0.809017 0.309017 0.5 -1 0 0 -0.809017 -0.309017 0.5 0 0 0 0 0 0
1 7 40 39 -0.850651 0.525731 0 -0.809017 0.309017 -0.5 -1 0 0 0 0 0 0 0 0
1 34 39 41 -0.850651 -0.525731 0 -1 0 0 -0.809017 -0.309017 -0.5 0 0 0 0 0 0
1 24 41 40 -0.525731 0 -0.850651 -0.809017 -0.309017 -0.5 -0.809017 0.309017 -0.5 0 0 0 0 0 0
1 39 40 41 -1 0 0 -0.809017 0.309017 -0.5 -0.809017 -0.309017 -0.5 0 0 0 0 0 0
1 7 9 40 -0.850651 0.525731 0 -0.5 0.809017 -0.309017 -0.809017 0.309017 -0.5 0 0 0 0 0 0
1 24 40 23 -0.525731 0 -0.850651 -0.809017 0.309017 -0.5 -0.309017 0.5 -0.809017 0 0 0 0 0 0
1 10 23 9 0 0.850651 -0.525731 -0.309017 0.5 -0.809017 -0.5 0.809017 -0.309017 0 0 0 0 0 0
1 40 9 23 -0.809017 0.309017 -0.5 -0.5 0.809017 -0.309017 -0.309017 0.5 -0.809017 0 0 0 0 0 0
1 27 33 26 0 -0.850651 -0.525731 -0.5 -0.809017 -0.309017 -0.309017 -0.5 -0.809017 0 0 0 0 0 0
1 24 26 41 -0.525731 0 -0.850651 -0.309017 -0.5 -0.809017 -0.809017 -0.309017 -0.5 0 0 0 0 0 0
1 34 41 33 -0.850651 -0.525731 0 -0.809017 -0.309017 -0.5 -0.5 -0.809017 -0.309017 0 0 0 0 0 0
1 26 33 41 -0.309017 -0.5 -0.809017 -0.5 -0.809017 -0.309017 -0.809017 -0.309017 -0.5 0 0 0 0 0 0
